1
2
2
2
2
2
2
2
2
2
2
2
2
2
2
2
2
2
2
2
3
4
5
7
9
11
13
15
17
19
21
23
25
27
28
29
30
31
32
33
34
35
36
37
38
39
40
41
42
43
44
45
46
47
48
49
50
51
52
52
52
52
52
52
53
54
55
56
56
56
56
56
56
56
56
56
56
57
58
59
60
61
63
65
68
71
74
77
79
81
83
85
87
89
90
91
92
93
94
95
96
97
98
99
100
101
102
102
104
105
106
107
108
109
110
111
112
113
114
115
116
117
118
119
120
122
124
126
129
133
137
141
145
149
151
153
155
157
159
161
163
165
168
171
174
176
178
180
182
184
186
188
190
192
195
198
201
204
207
209
211
214
217
221
225
229
232
235
238
241
244
247
250
253
256
259
262
265
268
271
274
277
280
283
287
291
295
299
302
304
306
309
312
315
318
321
324
327
330
334
338
342
346
350
354
358
362
366
370
374
378
382
386
390
394
397
400
403
406
409
412
415
418
421
424
427
430
432
434
435
436
438
440
442
444
446
448
450
452
454
455
456
457
458
459
460
461
462
463
464
1
1
1
1
1
1
2
3
4
5
6
7
8
9
10
11
12
13
14
15
16
17
18
19
20
21
22
23
24
26
28
30
32
34
36
38
40
42
44
46
48
50
52
54
56
58
60
62
64
66
68
70
72
74
76
78
81
84
87
89
91
93
95
97
99
101
103
104
105
106
107
108
109
110
112
114
116
118
119
120
121
122
123
124
125
126
127
128
129
130
131
132
133
134
135
136
137
138
139
140
141
142
143
144
145
146
147
148
149
150
152
154
155
156
157
158
159
160
161
162
163
164
166
168
170
172
174
176
179
182
185
188
191
195
199
203
208
213
218
223
228
233
238
243
247
251
254
258
262
265
268
272
276
280
284
288
292
296
300
304
308
312
315
318
321
324
327
330
333
336
339
342
345
348
351
354
357
360
363
366
369
372
375
378
381
384
387
389
390
391
392
394
396
398
400
402
404
406
408
410
412
414
416
418
420
422
424
426
429
432
435
438
441
444
447
450
453
456
459
462
465
468
471
474
477
481
485
489
492
495
498
501
504
507
510
513
516
519
522
525
528
531
534
537
540
543
546
549
552
555
0
0
0
1
3
5
7
9
11
14
17
19
21
23
25
27
29
32
35
37
39
42
45
47
49
51
53
55
57
59
61
63
65
67
69
71
73
75
77
80
82
84
86
88
90
92
94
96
98
100
102
104
106
108
110
112
114
116
118
121
124
127
130
133
136
140
144
149
154
158
162
166
170
174
178
182
186
190
193
196
199
202
205
208
211
214
217
220
223
226
229
232
235
238
241
244
247
250
252
254
256
258
260
262
264
266
269
272
275
278
281
284
287
290
293
296
299
302
305
308
311
314
317
319
321
323
325
327
329
331
333
335
337
339
341
343
345
347
349
351
354
357
361
365
369
372
376
381
386
391
396
401
407
413
419
425
431
437
443
448
455
462
468
474
479
483
488
493
498
503
508
513
518
522
526
530
534
538
542
546
550
554
559
564
569
574
579
583
587
591
595
599
604
609
614
619
624
629
634
639
644
649
654
659
665
671
677
683
689
695
701
707
713
719
725
731
737
743
749
755
761
767
773
779
785
791
797
803
809
815
821
827
833
839
845
851
857
863
869
875
881
887
893
899
905
911
917
923
929
935
0
0
0
0
0
0
0
0
0
0
0
0
0
0
0
0
0
0
0
0
0
2
2
2
2
2
2
2
2
2
2
2
2
2
2
2
2
2
2
2
2
2
2
2
2
4
6
8
10
12
14
16
18
20
22
25
29
32
35
38
41
43
45
47
48
49
50
51
53
55
56
57
58
59
60
61
62
63
64
65
66
67
68
69
70
71
72
74
76
78
81
84
88
92
96
100
104
108
112
116
120
124
128
132
136
140
144
148
152
156
160
163
166
169
172
175
180
185
190
195
200
205
210
215
220
225
230
235
240
245
250
255
260
265
270
275
280
285
290
295
300
305
310
315
320
326
332
338
344
350
356
362
368
373
377
381
385
389
393
397
401
405
409
413
417
421
425
429
433
437
441
445
449
453
456
459
462
465
468
471
474
477
481
485
489
493
497
501
505
509
513
517
521
525
529
534
540
546
552
558
564
570
576
582
587
592
597
602
607
611
615
619
623
627
631
635
639
643
647
651
655
659
663
667
671
675
679
683
687
691
695
699
703
707
711
715
719
723
727
731
735
739
743
747
751
755
759
764
769
774
0
0
0
0
0
1
2
3
4
5
6
7
8
9
10
11
12
13
14
15
16
17
18
19
20
21
23
26
29
32
35
38
41
44
46
48
50
52
54
56
58
60
62
64
66
68
70
72
75
78
81
84
87
90
93
96
99
102
105
108
111
114
117
120
123
127
131
135
139
143
147
151
155
159
163
167
170
173
176
179
182
185
189
193
197
201
205
208
211
215
219
223
227
232
237
242
247
252
256
260
264
268
272
276
280
285
290
295
300
305
310
314
318
322
326
330
334
338
342
346
350
354
358
362
366
370
374
378
382
386
390
394
398
402
406
410
414
419
424
429
434
439
444
449
454
459
464
469
474
479
483
487
491
495
499
503
507
511
515
519
523
527
531
535
539
543
547
551
555
559
561
564
567
570
573
576
579
582
585
588
591
594
597
600
603
606
609
612
615
618
621
624
627
630
633
636
639
642
645
650
655
660
665
670
674
678
682
686
690
694
698
702
706
710
714
718
722
726
731
736
741
746
751
757
763
768
773
778
783
788
792
797
803
809
815
821
825
830
834
838
842
846
851
855
860
864
868
872
876
880
