0.464
0.468
0.212
0.0
0.82
0.128
0.528
0.216
0.236
0.18
0.592
0.16
0.424
0.028
0.188
0.132
0.12
0.372
0.476
0.364
0.296
0.432
0.184
0.308
0.188
0.436
0.244
0.108
0.132
0.2
0.62
0.396
0.192
0.332
0.288
0.376
0.208
0.524
0.532
0.152
0.236
0.256
0.24
0.628
0.264
0.108
0.164
0.212
0.296
0.332
0.504
0.344
0.328
0.34
0.216
0.204
0.244
0.468
0.176
0.48
0.604
0.136
0.484
0.3
0.524
0.312
0.312
0.188
0.988
0.292
0.152
0.444
0.26
0.152
0.328
0.32
0.176
0.144
0.416
0.1
0.116
0.7
0.068
0.336
0.34
0.476
0.232
0.168
0.156
0.804
0.16
0.156
0.304
0.572
0.48
0.472
0.328
0.064
0.428
0.192
0.1
0.648
0.1
