3.136
2.176
1.856
2.22
3.74
2.044
2.12
1.776
2.236
3.716
3.52
3.712
2.204
3.072
2.204
3.716
2.208
1.852
1.852
1.848
3.72
3.712
2.204
3.712
1.848
3.076
1.852
1.848
1.848
3.076
2.208
3.076
3.712
1.848
2.204
3.076
3.072
3.076
3.076
1.848
3.712
3.712
3.716
3.716
2.204
3.716
1.848
2.204
1.848
3.072
2.204
3.712
3.072
2.204
1.852
3.076
3.716
1.848
3.712
3.712
2.208
3.076
1.852
3.072
2.204
3.076
2.208
3.076
1.848
1.848
2.204
3.076
3.072
1.848
2.208
2.204
1.848
3.712
2.204
2.204
1.852
2.208
3.712
3.712
3.712
1.852
3.708
1.852
1.848
3.716
1.852
1.852
3.076
1.848
1.848
3.076
3.076
3.712
1.852
2.204
1.848
3.076
3.072
2.208
1.852
1.848
1.852
3.072
3.716
2.204
3.072
1.852
2.204
3.712
3.076
1.848
2.204
3.712
3.076
2.208
3.716
1.852
3.712
3.712
1.852
1.852
3.716
3.076
3.716
2.208
1.848
3.072
2.204
3.712
3.712
2.208
3.716
1.852
3.076
1.848
3.712
1.852
2.208
3.716
3.712
2.204
3.72
2.208
1.852
2.208
2.204
3.072
2.208
3.716
3.072
2.204
3.712
1.852
2.204
3.712
2.204
1.852
3.076
3.716
3.076
1.848
2.208
2.208
3.076
3.072
1.848
3.072
2.204
3.716
3.076
3.716
3.076
2.208
3.72
2.204
3.072
3.076
3.716
3.716
2.208
1.852
1.848
1.852
3.072
2.204
2.208
3.072
3.072
1.848
1.852
2.208
3.716
3.072
1.852
3.072
1.852
3.076
3.072
3.72
1.852
3.716
3.712
3.716
1.852
1.848
2.208
3.712
3.712
3.716
1.848
3.716
1.852
3.716
3.712
2.204
3.072
2.208
3.716
3.072
3.072
2.208
1.852
2.204
3.072
2.208
1.852
2.204
3.716
3.712
2.204
3.712
3.708
3.068
1.852
3.712
3.072
2.204
1.852
3.076
1.852
3.716
3.072
3.708
3.712
3.072
1.848
2.204
2.208
3.716
3.076
3.072
3.076
2.208
1.852
3.076
3.716
2.204
1.848
3.072
2.204
3.068
3.072
1.852
2.204
3.076
2.204
3.072
1.852
1.852
2.208
2.208
2.208
1.852
3.076
3.712
2.208
1.852
3.072
2.204
3.076
3.72
2.208
1.852
3.716
3.072
2.204
3.712
3.712
2.204
2.204
2.204
3.716
1.852
2.208
3.076
2.208
1.852
1.852
2.204
2.208
2.208
1.852
3.072
3.068
1.852
1.848
3.072
3.716
1.848
3.712
2.208
3.072
2.208
