0.464
0.468
0.212
0.0
0.82
0.128
0.528
0.216
0.236
0.18
0.592
0.16
0.424
0.028
0.188
0.132
0.12
0.372
0.476
0.364
0.296
0.432
0.184
0.308
0.188
0.436
0.244
0.108
0.132
0.2
0.62
0.396
0.192
0.332
0.288
0.376
0.208
0.524
0.532
0.152
0.236
0.256
0.24
0.628
0.264
0.108
0.164
0.212
0.296
0.332
0.504
0.344
0.328
0.34
0.216
0.204
0.244
0.468
0.176
0.48
0.604
0.136
0.484
0.3
0.524
0.312
0.312
0.188
0.988
0.292
0.152
0.444
0.26
0.152
0.328
0.32
0.176
0.144
0.416
0.1
0.116
0.7
0.068
0.336
0.34
0.476
0.232
0.168
0.156
0.804
0.16
0.156
0.304
0.572
0.48
0.472
0.328
0.064
0.428
0.192
0.1
0.648
0.1
3.116
6.096
4.568
3.956
3.78
0.184
0.072
0.0
0.544
0.328
0.152
0.076
0.336
0.024
0.164
0.564
0.364
0.16
0.244
0.444
0.248
0.116
0.156
0.332
0.38
1.092
0.168
0.116
0.288
0.028
0.172
0.424
0.16
0.452
0.224
0.448
0.0
0.956
0.304
0.104
0.604
0.324
0.18
0.164
0.164
0.0
0.512
0.204
0.288
0.048
0.268
0.176
0.268
0.28
0.504
0.456
0.368
0.476
0.288
0.228
0.184
0.588
0.308
0.452
0.048
0.548
0.336
0.46
0.248
0.468
0.188
0.34
0.412
0.16
0.376
0.22
0.136
0.176
0.176
0.568
0.516
0.184
0.32
0.612
0.264
0.472
0.024
0.312
0.16
0.108
0.232
0.544
0.036
0.432
0.116
0.628
0.62
0.22
0.088
2.892
0.048
0.068
0.176
0.108
0.316
0.184
0.444
0.572
0.272
0.616
0.176
0.432
0.416
0.892
0.376
0.396
0.224
0.8
0.168
0.032
0.54
0.456
0.344
0.148
0.428
0.2
0.272
0.388
0.448
0.232
0.576
0.6
0.02
0.108
0.172
0.332
0.076
0.32
0.236
0.12
0.284
0.3
0.928
0.32
0.392
0.448
0.144
0.548
0.268
0.28
0.196
0.3
0.344
0.304
0.08
0.688
0.172
0.68
0.464
0.376
0.172
0.372
0.984
0.576
0.388
0.144
0.368
0.156
0.312
0.66
0.36
0.072
0.28
0.632
0.456
0.04
0.472
0.212
0.08
0.68
0.756
0.216
0.144
0.432
0.18
0.272
0.404
0.048
0.268
0.46
0.108
0.748
0.272
0.148
0.208
0.036
0.292
0.264
0.32
0.788
0.288
0.612
0.58
0.064
0.568
0.54
0.912
0.516
0.116
0.24
0.22
0.668
0.3
0.156
0.1
0.324
0.44
0.748
0.516
0.304
0.828
0.044
0.196
0.44
0.14
0.752
0.228
0.428
0.28
0.26
0.212
0.56
0.1
0.132
0.08
0.152
0.056
0.148
0.144
0.58
0.16
0.648
0.316
0.448
0.464
0.232
0.74
0.044
0.124
0.7
0.18
0.148
0.46
0.06
0.424
0.436
0.18
0.572
0.54
0.324
0.412
0.12
0.504
0.772
0.444
0.472
1.032
0.448
0.364
0.068
0.276
0.628
0.164
0.524
0.164
0.6
0.532
0.724
0.588
0.356
0.036
0.268
0.18
0.984
0.3
0.96
0.256
0.028
0.468
0.676
0.408
0.256
0.132
0.396
0.164
0.396
0.168
0.252
0.376
0.656
0.664
0.12
0.14
0.472
0.116
0.2
0.364
0.496
0.34
0.472
0.504
0.944
0.204
0.188
0.1
0.404
0.392
0.36
0.228
0.604
0.272
0.296
0.056
0.524
0.468
0.824
0.172
0.592
0.364
0.248
0.268
0.168
0.248
0.176
0.672
0.704
0.384
0.628
0.468
0.296
0.2
0.436
0.056
0.196
0.116
0.572
0.144
0.264
0.38
0.264
0.528
0.316
0.252
0.332
0.344
0.344
0.332
0.752
0.0
0.192
0.712
0.568
0.0
0.244
0.316
0.108
0.308
0.436
0.396
0.44
0.352
0.04
0.14
0.416
0.212
0.212
0.188
0.096
0.18
0.672
0.212
0.288
0.244
0.172
0.2
1.14
0.24
0.0
0.388
0.42
0.748
0.128
0.284
0.944
0.064
0.712
0.26
0.188
0.06
0.076
0.608
0.356
0.316
0.284
0.392
0.028
0.232
0.988
0.392
0.54
0.448
0.272
0.088
0.62
0.308
0.216
0.224
0.056
0.24
0.292
0.284
0.036
0.352
0.288
0.84
0.672
0.168
0.488
0.4
0.26
0.4
0.392
0.108
0.368
0.612
0.172
0.452
0.176
0.696
0.448
0.128
0.76
0.344
0.236
0.216
0.152
0.364
0.736
0.656
0.292
0.696
0.3
0.2
0.62
0.404
0.596
0.364
0.196
0.112
0.308
0.132
0.404
0.5
0.344
0.368
0.152
0.252
0.24
0.608
0.232
0.7
0.28
0.228
0.076
0.652
0.364
0.328
0.58
0.068
0.244
0.324
0.996
0.244
0.544
0.412
0.664
0.828
0.296
0.924
0.176
0.248
0.1
0.372
0.244
0.392
0.668
0.252
0.248
0.408
0.224
0.092
0.348
0.32
0.636
0.136
0.176
0.388
0.444
0.216
0.252
0.416
0.416
0.264
0.148
0.54
0.144
0.376
0.58
0.252
0.52
0.252
0.276
0.176
0.4
0.688
0.392
0.472
0.272
0.5
0.36
0.396
0.14
0.372
0.304
0.736
0.232
0.456
0.276
0.244
0.316
0.392
0.12
0.136
0.44
0.256
0.024
0.392
0.46
0.032
0.088
0.024
0.68
0.34
0.232
0.144
0.508
0.196
0.26
0.456
0.188
0.368
0.56
0.492
0.428
0.372
0.836
0.144
0.132
0.64
0.52
0.104
0.056
0.264
0.164
0.608
0.2
0.308
0.24
0.32
0.592
0.18
0.292
0.224
0.22
0.424
0.228
0.308
0.3
0.06
0.012
0.092
0.096
0.684
0.556
0.24
0.108
0.284
0.64
0.16
0.776
0.668
0.372
0.224
0.436
0.452
0.508
0.108
0.408
0.324
0.5
0.3
0.104
0.404
0.212
0.348
0.132
0.352
0.076
0.176
0.164
0.324
0.256
0.5
0.096
0.068
0.088
0.3
0.344
0.292
0.264
0.956
0.04
0.04
0.068
0.392
0.372
0.636
0.308
0.364
0.652
0.16
0.216
0.14
0.028
0.32
0.16
0.676
1.66
0.464
0.58
0.364
0.104
0.208
0.144
0.232
0.948
0.232
0.252
0.176
0.148
0.86
0.888
0.232
0.396
0.092
0.18
0.644
0.104
0.324
0.484
0.192
0.384
0.672
0.116
0.52
0.128
0.42
0.2
0.22
0.112
0.48
0.468
0.568
0.352
0.836
0.248
0.332
0.136
0.264
0.1
0.192
0.416
0.18
0.084
0.876
0.348
0.132
0.228
0.332
0.092
0.08
0.064
0.472
0.184
0.356
0.46
0.42
0.608
0.204
0.208
0.472
0.624
0.176
0.428
0.08
0.248
0.352
0.528
0.996
0.396
0.576
0.212
0.396
0.5
0.372
0.108
0.236
0.372
0.456
0.516
0.656
0.548
0.216
0.504
0.56
0.504
0.328
0.52
0.304
0.06
0.312
0.436
0.26
0.364
0.148
0.128
0.412
0.384
0.536
0.508
0.08
0.336
0.132
0.452
0.228
0.076
0.276
0.4
0.46
0.348
0.804
0.296
0.648
0.54
0.376
0.156
0.24
0.348
0.108
0.928
0.608
0.448
0.244
0.556
0.484
0.34
0.34
0.768
0.176
0.232
0.64
0.312
0.28
0.312
0.132
0.36
0.396
0.208
0.116
0.484
0.296
0.404
0.364
0.3
0.636
0.624
0.184
0.396
0.196
0.188
0.328
0.472
0.196
0.232
0.28
0.112
0.396
0.716
0.516
0.708
0.508
0.196
0.916
0.248
0.34
0.632
0.42
0.136
0.464
0.272
0.788
0.06
0.152
0.212
0.176
0.4
0.424
0.284
0.596
0.496
0.508
0.36
0.648
0.684
0.684
0.356
0.656
0.324
0.34
0.252
0.296
0.144
0.42
0.264
0.092
0.208
0.6
0.356
0.216
0.208
0.44
0.14
0.156
0.672
0.056
0.42
0.256
0.304
0.064
0.372
0.592
0.292
0.272
0.332
0.356
0.412
0.204
0.476
0.132
0.556
0.712
0.184
0.844
0.168
0.228
0.152
0.544
0.212
0.564
0.3
0.66
0.36
0.272
0.024
0.5
0.356
0.108
0.276
0.312
0.492
0.096
0.38
0.124
0.688
0.14
0.08
0.476
0.16
0.112
0.44
0.508
0.596
0.4
0.384
0.288
0.236
0.216
0.36
0.304
0.048
0.188
0.12
0.184
0.176
0.032
0.552
0.716
0.392
0.004
0.68
0.24
0.42
0.1
0.452
0.544
0.26
0.36
0.276
0.596
0.364
0.54
0.332
0.468
0.276
0.244
0.396
0.564
0.388
0.256
0.456
0.284
0.528
0.196
0.48
0.292
0.012
0.304
0.36
0.484
0.372
0.416
0.192
0.496
0.092
0.928
0.268
0.876
1.616
0.36
0.072
0.148
0.112
0.112
0.268
0.704
0.276
0.128
0.412
0.148
0.496
0.164
0.348
0.164
0.076
0.176
0.348
0.192
0.244
0.624
0.168
0.06
0.36
0.348
0.784
0.34
0.488
0.604
0.044
0.62
0.308
0.572
0.256
0.34
0.292
0.58
0.252
0.724
0.244
0.488
0.256
0.416
0.848
0.208
0.448
0.0
0.252
0.496
0.636
0.356
0.384
0.58
0.316
0.16
1.096
0.46
0.12
0.444
0.556
0.56
0.36
0.28
0.548
0.232
0.08
0.524
0.448
0.216
0.468
0.232
0.308
0.364
0.824
0.18
0.568
0.748
0.192
0.26
0.216
0.372
0.92
0.024
0.236
0.8
0.156
0.2
0.152
0.192
0.532
0.08
0.396
0.056
0.492
0.28
0.104
0.296
0.532
1.072
0.16
0.204
0.576
0.156
0.344
0.216
0.08
0.26
0.312
0.32
0.484
0.848
0.28
0.352
0.036
0.184
0.384
0.7
0.376
0.404
0.104
0.0
0.216
0.148
0.54
0.336
0.488
0.596
0.532
0.084
0.424
0.192
0.152
0.476
0.196
0.56
0.64
0.616
0.696
0.044
0.228
0.168
0.72
0.312
0.132
0.08
0.344
0.692
0.256
0.096
0.568
0.416
0.128
0.068
0.732
0.252
0.356
0.136
0.48
0.372
0.816
0.836
0.844
0.336
0.844
0.636
0.388
0.892
0.0
0.016
0.128
0.3
0.024
0.124
0.484
0.0
0.488
0.28
0.164
0.432
0.232
0.664
0.444
0.124
0.04
0.676
0.28
0.132
0.492
0.444
0.488
0.376
0.64
0.076
0.112
0.748
0.104
0.052
0.184
0.116
0.056
0.14
0.172
0.356
0.324
0.512
0.076
0.612
0.06
0.412
0.256
0.08
0.16
0.304
0.504
0.124
0.116
0.032
0.484
0.32
0.128
0.684
0.252
0.72
0.164
0.464
0.244
0.328
0.58
0.32
0.0
0.056
0.404
0.076
0.3
0.604
0.3
0.256
0.824
0.448
0.368
0.336
0.484
0.192
0.184
0.384
0.42
0.724
0.876
0.12
0.164
0.268
1.12
0.096
0.612
0.156
0.516
0.284
0.088
0.548
0.692
0.268
0.268
0.076
0.18
0.256
0.188
0.816
0.168
0.48
0.468
0.184
0.416
0.376
0.392
0.192
0.32
0.108
0.252
0.424
1.096
0.128
0.116
0.396
0.168
0.812
0.468
0.064
0.136
0.104
0.168
0.644
0.824
0.308
0.516
0.244
0.152
0.248
0.32
0.316
0.436
0.156
0.784
0.332
0.316
0.144
0.084
0.216
0.548
0.316
0.408
0.048
0.26
0.352
0.384
0.536
0.068
0.204
0.308
0.476
0.152
0.26
0.2
0.0
0.16
0.192
0.44
0.16
0.188
0.408
0.248
0.244
0.316
0.496
0.216
0.344
0.112
0.328
0.572
0.132
0.752
0.82
0.308
0.456
0.352
0.032
0.116
0.42
0.452
0.316
0.116
0.216
0.376
0.472
0.148
0.512
0.072
0.316
0.756
0.104
0.04
0.14
0.32
0.4
0.456
0.528
0.124
0.364
0.132
0.192
0.376
0.348
0.56
0.66
0.108
0.268
0.172
0.124
0.26
0.14
0.468
0.328
0.128
0.548
0.264
0.64
0.176
0.22
0.164
0.404
0.036
0.18
0.024
0.456
0.236
0.244
0.432
0.628
0.536
0.332
0.116
0.336
0.296
0.112
0.108
0.072
0.528
0.38
0.208
0.324
0.34
0.356
0.184
0.164
0.456
0.5
0.532
0.264
0.352
0.124
0.244
0.58
0.944
0.084
0.224
0.424
0.212
0.316
0.684
0.304
0.376
0.692
0.372
0.004
0.652
0.36
0.2
0.348
0.508
0.16
0.072
0.368
0.692
0.532
0.164
0.216
0.516
0.22
0.54
0.612
0.388
0.616
0.464
0.66
0.136
0.292
0.28
0.34
0.18
0.476
0.42
0.616
0.18
0.212
0.16
0.264
0.108
0.256
0.932
0.192
0.128
0.12
0.092
0.364
0.32
0.132
0.516
0.616
0.004
0.392
0.304
0.128
0.2
0.32
0.456
0.16
0.408
0.664
0.304
0.676
0.576
0.54
0.18
0.5
0.292
0.1
0.38
0.376
0.232
0.68
0.472
0.44
0.48
0.72
0.032
0.304
0.24
0.676
0.168
0.872
0.204
0.388
0.48
0.148
0.0
0.592
0.196
0.092
0.364
0.612
0.108
0.272
0.156
0.452
0.508
0.064
0.484
0.44
0.54
0.732
0.16
0.3
0.108
0.3
0.08
0.632
0.16
0.144
0.532
0.16
0.04
0.248
0.008
0.72
0.224
0.088
0.32
0.468
0.26
0.416
0.56
0.368
0.104
0.588
0.176
0.12
0.848
0.036
0.46
0.64
0.404
0.152
0.54
0.496
0.312
0.376
0.34
0.16
0.204
0.528
0.768
0.548
0.568
0.148
0.096
0.504
0.204
0.288
0.16
0.34
0.056
0.176
0.224
0.576
0.104
0.136
0.224
0.76
0.612
0.408
0.228
0.46
0.292
0.16
0.312
0.456
0.148
0.436
0.02
0.472
0.072
0.652
0.252
0.508
0.356
0.08
0.416
0.48
0.116
0.2
0.288
0.644
0.404
0.628
0.128
0.204
0.46
0.568
0.36
0.34
0.088
0.396
0.18
0.668
0.204
0.24
0.6
0.644
0.128
0.116
0.088
0.152
0.156
0.488
0.188
0.84
0.068
0.252
0.384
0.316
0.584
0.192
0.052
0.772
0.272
0.296
0.428
0.444
0.308
0.252
0.164
0.156
0.392
0.356
0.108
0.476
0.256
0.028
0.34
0.276
0.04
0.064
0.252
0.664
0.468
0.62
0.152
0.404
0.232
0.332
0.368
0.412
0.176
0.084
0.028
0.748
0.176
0.136
0.276
0.332
0.492
0.18
0.348
0.132
0.376
0.768
0.048
0.332
0.016
0.656
0.272
0.308
0.304
0.26
0.712
0.128
0.432
0.56
0.272
0.24
0.776
0.084
0.552
0.348
0.644
0.184
0.336
0.256
0.18
0.404
0.288
0.184
0.524
0.076
0.616
0.12
0.148
0.452
0.396
0.112
0.472
0.316
0.22
0.176
0.984
0.388
0.508
0.92
0.576
0.256
0.432
0.084
0.756
0.632
0.164
0.168
0.064
0.328
0.208
0.212
0.22
0.324
0.372
0.532
0.456
0.184
0.496
0.156
0.528
0.548
0.464
0.472
0.284
0.2
0.328
0.352
0.216
0.512
0.216
0.484
0.288
0.352
0.256
0.524
0.22
0.6
0.5
0.664
0.448
0.42
0.58
0.172
0.312
0.152
0.32
0.156
0.392
0.112
0.536
0.16
0.512
0.084
0.388
0.64
0.268
1.008
0.256
0.86
0.372
0.316
0.684
0.112
0.348
0.472
0.32
0.204
0.176
0.192
0.268
0.36
0.384
0.744
0.228
0.124
0.256
0.372
0.324
0.18
0.128
0.192
0.356
0.344
0.428
0.16
0.112
0.452
0.704
0.744
0.32
0.18
0.364
0.436
1.004
0.364
0.468
0.392
0.068
0.444
0.536
0.172
0.472
0.544
0.088
0.528
0.592
0.268
0.572
0.212
0.54
0.156
0.168
0.388
0.852
0.488
0.432
0.176
0.32
0.304
0.54
0.5
0.036
0.264
0.42
0.388
0.168
0.868
0.064
0.584
0.6
0.22
1.172
0.404
0.496
0.292
0.372
0.212
0.196
0.352
0.328
0.208
0.16
0.068
0.636
0.336
0.14
0.492
0.452
0.624
0.12
0.096
0.2
0.208
0.056
0.06
0.496
0.196
0.336
0.236
0.264
0.384
0.088
0.296
0.824
0.412
0.584
0.564
0.196
0.084
0.192
0.38
0.0
0.568
0.436
0.316
0.436
0.152
0.224
0.4
0.5
0.608
0.232
0.064
0.396
0.248
0.516
0.112
0.688
0.396
0.616
0.408
0.196
0.304
0.948
0.392
0.196
0.576
0.26
0.432
0.18
0.068
0.076
0.164
0.368
0.156
0.064
0.396
0.428
0.464
0.192
0.116
0.2
0.544
0.304
0.48
0.156
0.092
0.42
0.232
0.608
0.14
0.196
0.292
0.092
0.308
0.528
0.66
0.372
0.288
0.132
0.044
0.496
0.58
0.536
0.3
0.736
0.476
0.208
0.388
0.364
0.292
0.116
0.3
0.504
0.348
0.28
0.436
0.228
0.696
0.576
0.048
0.604
0.5
0.224
0.316
0.36
0.32
0.344
0.996
0.772
0.044
0.116
0.612
0.976
0.404
0.34
0.552
0.58
0.676
0.272
0.032
0.548
0.02
0.076
0.16
0.68
0.108
0.308
0.26
0.476
0.42
0.136
0.948
0.384
0.4
0.528
0.196
0.476
0.776
0.484
0.52
0.336
0.132
0.16
0.268
0.184
0.3
0.424
0.616
0.164
0.424
0.628
0.564
1.032
0.448
0.244
0.832
0.412
0.352
0.104
0.396
0.064
0.328
0.216
0.28
0.276
0.436
0.256
0.4
0.308
0.044
0.204
0.204
0.464
0.18
0.86
0.084
0.584
0.232
0.644
0.232
0.116
0.304
0.384
0.344
0.308
0.172
0.164
0.492
0.192
0.176
0.244
0.436
0.696
0.288
0.252
0.22
0.384
0.148
0.384
0.476
0.456
0.524
0.272
0.228
0.56
0.172
0.328
0.348
0.244
0.352
0.788
0.476
0.264
0.332
0.22
0.364
0.076
0.128
0.036
0.108
0.176
0.428
0.5
0.324
0.336
0.136
0.152
0.284
0.268
0.604
0.384
0.528
0.44
0.608
0.648
0.076
0.248
0.18
0.272
0.068
0.452
0.4
0.76
0.208
0.24
0.336
0.624
0.416
0.184
0.308
0.32
0.42
0.144
0.828
0.184
0.368
0.296
0.136
0.324
0.388
0.36
0.552
0.368
0.168
0.488
0.096
0.3
0.36
0.908
0.432
0.524
0.632
0.444
0.64
0.464
0.684
0.148
0.224
0.224
0.716
0.332
0.392
0.068
0.476
0.268
0.22
0.268
0.592
0.664
0.336
0.752
0.284
0.248
0.188
0.256
0.328
0.164
0.568
0.36
0.4
0.088
0.028
0.468
0.068
0.144
0.356
0.68
0.112
0.18
0.252
0.052
0.36
0.136
0.572
0.216
0.38
0.4
0.348
0.32
0.236
0.204
0.42
0.656
0.28
0.196
0.056
0.984
0.652
0.176
0.02
0.216
0.524
0.472
0.244
0.228
0.484
0.424
0.388
0.308
0.6
0.112
0.392
0.156
0.296
0.3
0.376
0.112
0.112
0.74
0.384
0.176
0.16
0.148
0.524
0.04
0.228
0.484
0.604
0.088
0.672
0.244
0.096
0.336
0.728
0.332
0.272
0.584
0.124
0.064
0.432
0.048
0.94
0.556
0.608
0.256
0.22
0.188
0.076
0.304
0.376
0.2
0.336
0.46
0.376
0.232
0.352
0.1
0.48
0.732
0.304
0.404
0.576
0.632
0.244
0.056
0.432
0.288
0.148
0.24
0.172
0.212
0.052
0.64
0.324
0.34
0.076
0.108
0.24
0.332
0.172
0.192
0.456
1.092
0.376
0.152
0.244
0.136
1.548
0.108
0.248
0.088
0.324
0.236
0.5
0.404
0.348
0.376
0.384
0.904
0.104
0.336
0.164
0.22
0.26
0.38
0.848
0.296
0.26
0.16
0.172
0.644
0.488
0.492
0.404
0.168
0.424
0.324
0.34
0.416
0.272
0.584
0.088
0.392
0.488
0.232
0.512
0.232
0.256
0.248
0.552
0.264
0.096
0.084
0.348
0.336
0.244
1.3
0.316
0.184
0.256
0.152
0.052
0.248
0.42
0.508
0.444
0.552
0.056
0.296
0.376
0.416
0.232
0.056
0.432
0.616
0.4
0.108
0.196
0.312
0.26
0.332
0.228
0.492
0.28
0.416
0.204
0.108
0.056
0.296
0.476
0.068
0.448
0.484
0.188
0.168
0.608
0.56
0.532
0.076
0.464
0.696
0.364
0.232
0.208
0.096
0.08
0.336
0.62
0.088
0.508
0.376
0.396
0.352
0.26
0.348
0.156
0.424
0.148
0.136
0.212
0.072
0.34
0.416
0.548
0.22
0.016
0.468
0.432
0.368
0.36
0.284
0.148
0.132
1.064
0.332
0.14
0.268
0.18
0.656
0.548
0.18
0.436
0.1
0.52
0.612
0.624
0.268
0.304
0.552
0.284
0.336
0.368
0.492
0.436
0.096
0.42
0.584
0.26
0.288
0.192
0.684
0.432
0.28
0.052
0.276
0.2
0.376
0.66
0.1
0.26
0.632
0.468
0.496
0.2
0.248
0.36
0.396
0.552
0.404
0.22
0.312
0.176
0.236
0.2
0.216
0.036
0.348
0.248
0.332
0.668
0.36
0.116
0.176
0.444
0.276
0.568
0.308
0.22
0.22
0.664
0.84
0.536
0.668
0.576
0.136
0.4
0.376
0.372
0.312
0.336
0.032
0.392
0.6
0.54
0.276
0.196
0.204
0.816
0.572
0.496
0.6
0.456
0.4
0.208
0.108
0.512
0.116
0.172
0.308
0.296
0.964
0.068
0.316
0.2
0.388
0.232
0.532
0.548
0.212
0.428
0.284
0.148
0.264
0.08
0.444
0.384
0.532
0.572
0.084
0.604
0.412
0.368
0.54
0.584
0.16
0.324
0.288
0.756
0.596
0.812
0.404
0.656
0.252
0.032
0.396
0.58
0.54
0.548
0.08
0.632
0.592
0.384
0.572
0.084
0.12
0.288
0.364
0.128
0.328
0.184
0.792
0.264
0.348
0.356
0.396
1.2
0.268
0.156
0.192
0.264
0.556
0.208
0.064
0.584
0.328
0.168
0.324
0.596
0.456
0.808
0.572
0.188
0.312
0.216
0.232
0.184
0.556
0.212
0.448
0.464
0.56
0.324
0.296
0.072
0.224
0.912
0.048
0.604
0.824
0.372
0.416
0.292
0.168
0.436
0.332
0.444
0.336
0.472
0.556
0.568
0.264
0.096
0.44
0.204
0.196
0.524
0.124
0.584
0.18
0.716
0.14
0.224
0.816
0.684
0.32
0.552
0.184
0.272
0.424
0.444
0.26
0.472
0.396
0.356
0.2
0.384
0.42
0.132
0.308
0.096
0.564
0.344
0.288
0.38
0.308
0.048
0.516
0.124
0.504
0.52
0.18
0.632
0.232
0.14
0.488
0.184
0.18
0.052
0.392
0.476
0.52
0.412
0.872
0.056
0.704
0.516
0.288
0.272
0.508
0.332
1.156
0.336
0.5
0.756
0.448
0.164
0.244
0.256
0.764
0.268
0.212
0.252
0.492
0.224
0.328
0.184
0.352
0.104
0.144
0.12
0.3
0.12
0.6
0.608
0.736
0.52
0.236
0.62
0.64
0.324
0.412
0.456
0.848
0.476
0.724
0.484
0.08
0.428
0.316
0.16
0.188
0.168
0.368
0.252
0.124
0.164
0.116
0.324
0.104
0.188
0.8
0.204
0.164
0.172
0.128
0.352
0.616
0.308
0.156
0.12
0.308
0.444
0.252
0.16
0.344
0.504
0.364
0.172
0.256
1.08
0.088
0.136
0.264
0.688
0.468
0.244
0.204
0.692
0.476
0.376
0.572
0.972
0.22
0.352
0.9
0.268
0.044
0.404
0.604
0.6
0.852
0.476
0.232
0.156
0.088
0.004
0.332
0.104
0.072
0.252
0.772
0.204
0.06
0.78
0.316
0.94
0.444
0.212
0.428
0.508
0.548
0.408
0.304
0.188
0.276
0.184
0.18
0.236
0.116
0.224
0.872
0.252
0.732
0.16
0.228
0.228
0.38
0.296
0.228
0.004
0.756
0.704
0.464
0.084
0.232
0.708
0.408
0.004
0.04
0.304
0.204
0.148
0.248
0.244
0.056
0.536
0.052
0.352
0.344
0.6
0.18
0.344
0.084
0.3
0.34
0.044
0.572
0.936
0.496
0.564
0.248
0.172
0.184
0.272
0.192
0.432
0.304
0.424
0.212
0.24
0.004
0.496
0.348
0.048
0.308
0.26
0.288
0.432
0.46
0.28
0.452
0.276
0.308
0.036
0.248
0.088
0.324
0.22
0.036
0.3
0.624
0.408
0.064
0.228
0.84
0.764
0.412
0.236
0.232
0.108
0.08
0.392
0.328
0.424
0.024
0.136
0.116
0.26
0.496
0.512
0.832
0.012
0.34
0.504
0.188
0.276
0.156
0.404
0.408
0.352
0.2
0.424
0.108
0.984
0.28
0.588
0.672
0.204
0.64
0.052
0.056
0.356
0.26
0.936
0.624
0.436
0.232
0.188
0.412
0.66
0.504
0.156
0.648
0.284
0.876
0.472
0.404
0.328
0.328
0.52
0.2
0.592
0.188
0.26
0.308
0.204
1.172
0.188
0.408
0.528
0.788
0.228
0.228
0.684
0.152
0.352
0.312
0.344
0.492
0.124
0.336
0.436
0.832
0.064
0.124
0.204
0.36
0.344
0.516
0.088
0.068
0.316
0.276
0.244
0.536
0.16
0.608
0.42
0.116
0.416
0.192
0.012
0.104
0.576
0.232
0.224
0.028
0.0
0.0
0.304
0.424
0.144
0.36
0.216
0.112
0.168
0.448
0.256
0.068
0.492
0.34
0.3
0.196
0.348
0.208
0.172
0.036
0.612
0.332
0.24
0.408
0.076
0.048
0.028
0.384
0.228
0.144
0.436
0.204
0.352
0.336
0.18
0.176
0.236
0.472
0.344
0.388
0.0
0.136
0.508
0.504
0.232
0.192
0.332
0.02
0.496
0.156
0.54
0.512
0.34
0.42
0.264
0.24
0.216
0.176
0.26
0.176
0.356
0.348
0.124
0.624
0.268
0.292
0.436
0.336
0.396
0.416
0.44
0.152
0.176
0.444
0.076
0.456
0.152
0.428
0.536
0.34
0.224
0.192
0.484
0.124
0.344
0.132
0.304
0.732
0.364
0.308
0.248
0.116
0.244
0.224
0.564
0.476
0.192
0.528
0.348
0.144
0.224
0.284
0.34
0.508
0.648
0.052
0.188
0.784
0.616
0.452
0.332
0.348
0.876
0.376
0.408
0.352
0.232
0.444
0.18
0.42
0.66
0.204
0.428
0.252
0.52
0.244
0.292
0.044
0.304
0.484
0.068
0.184
0.316
0.268
0.124
0.444
0.14
0.456
0.036
0.304
0.148
0.164
0.62
0.26
0.34
0.408
0.152
0.632
0.208
0.188
0.292
0.6
0.556
0.884
0.3
0.176
0.108
0.148
0.472
0.248
0.36
0.276
0.132
0.584
0.884
0.336
0.716
0.076
0.412
0.448
0.408
0.076
0.48
0.632
0.048
0.168
0.184
0.776
0.304
0.484
0.076
0.356
0.148
0.488
0.172
0.356
0.204
0.292
0.316
0.1
0.392
0.16
0.888
0.312
0.292
0.584
0.236
0.164
0.3
0.24
0.436
0.096
0.36
0.5
0.18
0.216
0.744
0.716
0.172
0.144
0.444
0.14
0.524
0.476
0.332
0.052
0.376
0.268
0.336
0.376
0.152
0.216
0.472
0.356
0.344
0.3
0.212
0.168
0.288
0.432
0.064
0.26
0.44
0.448
0.916
0.432
0.328
1.004
0.264
0.152
0.004
0.212
0.668
0.284
0.084
0.6
0.484
0.332
0.372
0.056
0.684
0.368
0.264
0.38
0.236
0.048
0.14
0.356
0.412
0.4
0.556
0.116
0.472
0.26
0.156
0.488
0.208
0.108
0.18
0.376
0.352
0.34
0.4
0.752
0.452
0.212
0.228
0.984
1.08
0.308
0.464
0.472
0.6
0.34
0.324
0.288
0.316
0.16
0.636
0.516
0.248
0.592
0.264
0.38
0.496
0.232
0.452
0.54
0.264
0.332
0.184
0.32
0.672
0.316
0.656
0.424
0.688
0.436
0.596
0.112
0.312
0.46
0.34
0.528
0.764
0.46
0.156
0.512
0.332
0.58
0.24
0.212
0.524
0.08
0.708
0.212
0.524
0.2
0.244
0.244
0.16
0.42
0.232
0.244
0.436
0.0
0.388
0.728
0.376
0.588
0.524
0.236
0.66
0.808
0.768
0.304
0.06
0.172
0.332
0.348
0.264
0.072
0.352
0.08
0.256
0.42
0.196
0.28
0.308
0.604
0.184
0.616
0.34
0.432
0.824
0.208
0.368
0.068
0.484
0.684
0.184
0.404
0.28
0.164
0.364
0.392
0.684
0.596
0.044
0.14
0.236
0.672
0.34
0.372
0.76
0.168
0.292
0.6
0.528
0.336
0.04
0.256
0.584
0.384
0.24
0.324
0.256
0.356
0.248
0.372
0.636
0.264
0.112
0.212
0.268
0.332
0.392
0.62
0.6
0.972
0.644
0.268
0.048
0.456
0.068
0.28
0.676
0.3
0.664
0.492
0.072
0.292
0.352
0.288
0.196
0.42
0.004
0.108
0.492
0.6
0.548
0.196
0.532
0.62
0.424
0.344
0.34
0.088
0.724
0.168
0.16
0.44
0.256
0.52
0.3
0.076
0.368
0.672
0.42
0.28
0.212
0.16
0.392
0.336
0.024
0.56
0.54
0.312
0.14
0.072
0.164
0.216
0.396
0.176
0.244
0.244
0.056
0.04
0.448
0.216
0.088
0.0
0.4
0.536
0.204
0.528
0.504
0.616
0.172
0.208
0.188
0.332
0.448
0.124
1.208
0.368
0.188
0.352
0.628
0.168
0.16
0.188
0.344
0.14
0.832
0.948
0.504
0.26
0.128
0.044
0.376
0.78
0.2
0.268
0.08
0.4
0.192
0.292
0.284
0.76
0.804
0.352
0.128
0.62
0.256
0.436
0.176
0.056
0.512
0.256
0.204
0.56
0.368
0.24
0.1
0.188
0.348
0.32
0.32
0.624
0.268
0.34
0.548
0.508
0.472
0.592
0.64
0.376
0.412
0.216
0.344
0.512
0.424
0.28
0.288
0.316
0.076
0.708
0.348
0.048
0.344
0.46
0.16
0.432
0.38
0.484
0.352
0.392
0.428
0.504
0.064
0.116
0.332
0.616
0.228
0.144
0.58
0.22
0.124
0.424
0.156
0.344
0.388
0.384
0.056
0.096
0.172
0.16
0.28
0.152
0.18
0.644
0.1
0.62
0.068
0.184
0.54
0.224
0.256
0.052
0.532
0.156
0.152
0.736
0.276
0.316
0.636
0.464
0.22
0.408
0.952
0.276
0.46
0.388
0.164
0.6
0.368
1.26
0.28
0.304
0.568
0.412
0.452
0.316
0.336
0.048
0.288
0.06
0.248
0.304
0.564
0.308
0.288
0.388
0.372
0.116
0.252
0.336
0.084
0.548
0.524
0.3
0.212
0.696
0.116
0.388
0.312
0.772
0.66
0.5
0.548
0.46
0.34
0.188
0.188
0.264
0.432
0.296
0.584
0.4
0.176
0.208
0.168
0.312
0.248
0.412
0.256
0.496
0.124
0.388
0.128
0.692
0.4
0.044
0.564
0.38
0.152
0.356
0.276
0.356
0.192
0.092
0.124
0.572
0.48
0.52
0.648
0.296
0.1
0.192
0.184
0.144
0.316
0.432
0.824
0.236
0.076
0.52
0.568
0.428
0.568
0.852
0.26
0.0
0.204
0.168
0.384
0.22
0.432
0.628
0.412
0.072
0.108
0.428
0.68
0.048
0.56
0.076
0.536
0.168
0.088
0.364
0.392
0.212
0.416
0.184
0.0
0.16
0.736
0.164
0.096
0.38
0.564
0.192
0.18
0.592
0.192
0.236
0.152
0.368
0.22
0.088
0.176
0.46
0.26
0.276
0.1
0.252
0.284
0.64
0.42
0.172
0.076
0.084
0.34
0.232
0.176
0.66
0.584
1.068
0.368
0.52
1.0
0.504
0.268
0.76
0.556
0.228
0.352
0.084
0.116
0.056
0.584
0.376
0.28
0.288
1.14
0.26
0.248
0.348
0.704
1.152
0.468
0.196
0.116
0.184
0.316
0.572
0.288
0.208
0.12
0.396
0.952
0.324
0.34
0.568
0.072
0.196
1.028
0.0
0.12
0.404
0.096
0.332
0.72
0.008
0.156
0.104
0.38
0.176
0.168
0.364
0.116
0.296
0.212
0.22
0.356
0.0
0.164
0.252
0.176
0.788
0.452
0.304
0.684
0.608
0.196
0.184
0.372
0.328
0.164
0.136
0.124
0.456
0.072
0.368
0.216
0.272
0.496
0.824
0.484
0.232
0.196
0.264
0.108
0.424
0.492
0.188
0.176
0.164
0.108
0.556
0.348
0.668
0.088
0.116
0.584
0.74
0.204
0.512
0.328
0.18
0.168
0.256
0.188
0.236
0.232
0.428
0.404
0.108
0.3
0.772
0.36
0.424
0.132
0.036
0.404
0.572
0.656
0.376
0.136
0.412
0.276
0.76
0.288
0.6
0.576
0.492
0.1
0.368
0.396
0.512
0.108
0.34
0.064
0.368
0.516
0.416
0.176
0.648
0.284
0.516
0.108
0.312
0.148
0.108
0.288
0.168
0.168
0.596
0.372
0.488
0.204
0.092
0.736
0.204
0.348
0.372
0.296
0.028
0.3
0.284
0.316
0.176
0.108
0.372
0.188
0.472
0.424
0.236
0.256
0.26
0.752
0.7
0.976
0.26
0.212
0.28
0.532
0.24
0.308
0.3
0.188
0.424
0.3
0.784
0.18
0.332
0.596
0.324
0.088
0.308
0.68
0.44
0.172
0.416
0.2
0.408
0.168
0.452
0.7
0.496
0.048
0.468
0.092
0.152
0.656
0.236
0.48
0.132
0.24
0.228
0.404
0.216
0.336
0.412
0.66
0.2
0.1
0.144
0.392
0.368
0.304
0.84
0.504
0.728
0.408
0.116
0.46
0.392
0.092
0.188
0.468
0.26
0.64
1.064
0.056
0.2
0.352
0.24
0.396
0.276
0.144
0.276
0.448
0.38
0.224
0.176
0.232
0.324
0.188
0.18
0.22
0.296
0.288
0.192
0.216
0.452
0.412
0.264
0.024
0.46
0.572
0.168
0.14
0.564
0.556
0.272
0.436
0.076
0.348
0.316
0.66
0.556
0.14
0.272
0.184
0.736
0.22
0.5
0.248
0.5
0.08
0.252
0.184
0.732
0.276
0.2
0.216
0.592
0.332
0.328
0.34
0.48
0.476
0.344
0.376
0.512
0.256
0.164
0.216
0.192
0.272
0.108
0.212
0.304
0.552
0.128
0.136
0.552
0.26
0.392
0.516
0.388
0.056
0.332
0.032
0.024
0.228
0.08
0.624
0.356
0.128
0.108
0.58
0.22
0.324
0.232
0.276
0.252
0.424
0.06
0.252
0.436
0.412
0.416
0.032
0.436
0.276
0.44
0.34
0.3
0.588
0.256
0.748
0.14
0.28
0.264
0.448
0.076
0.112
0.508
0.108
0.588
0.364
0.752
0.14
0.496
0.54
0.288
0.528
0.228
0.332
0.548
0.144
0.188
0.36
0.552
0.072
0.304
0.156
0.416
0.212
0.68
0.1
0.456
0.152
0.124
0.656
0.536
0.244
0.02
0.184
0.144
1.08
0.264
0.36
0.324
0.372
0.076
0.66
0.292
0.388
0.124
0.08
0.12
0.372
0.616
0.284
0.308
0.3
0.368
0.1
0.4
0.164
0.328
0.076
0.9
0.412
0.288
0.268
0.476
0.152
0.172
0.188
0.372
0.56
0.416
0.312
0.316
0.156
0.38
0.296
0.264
0.044
0.54
0.464
0.232
0.208
0.028
0.056
0.292
0.904
0.476
0.34
0.164
0.116
0.448
0.152
0.316
0.384
1.048
0.096
0.396
0.14
0.4
0.396
0.292
0.16
0.236
0.492
0.636
0.344
0.4
0.336
0.048
0.324
0.264
0.356
0.116
0.408
0.456
0.524
0.296
0.116
0.368
0.364
0.292
0.692
0.304
0.096
0.816
0.284
0.236
0.208
0.072
0.276
0.752
0.148
0.684
0.1
0.24
0.028
0.372
0.108
0.188
0.28
0.428
0.396
0.812
0.376
0.304
0.784
0.1
0.072
0.752
0.256
0.348
0.488
0.296
0.312
0.1
0.216
0.124
0.392
0.16
0.472
0.74
0.228
1.236
0.556
0.396
0.164
0.272
0.152
0.188
0.496
0.136
0.168
0.792
0.42
0.812
0.328
0.196
0.736
0.084
0.26
0.164
0.348
0.232
0.1
0.5
0.288
0.316
0.152
0.532
0.24
0.164
0.736
0.516
0.036
0.196
0.128
0.868
0.264
0.648
0.268
0.724
0.484
0.288
0.136
0.432
0.352
0.332
0.148
0.08
0.584
0.228
0.14
0.24
0.352
0.052
0.592
0.388
0.24
0.24
0.364
0.652
0.736
0.332
0.24
0.06
0.2
0.328
0.392
0.052
0.464
0.588
0.752
0.464
0.096
0.548
0.412
0.224
0.216
0.356
0.448
0.588
0.22
0.84
0.404
0.044
0.724
0.192
0.572
0.036
0.14
0.268
0.944
0.3
0.272
0.196
0.68
0.116
0.124
0.596
0.28
0.136
1.12
0.64
0.124
0.148
0.548
0.212
0.208
0.1
0.324
0.34
0.14
0.252
0.216
0.08
0.628
0.196
0.3
0.032
0.248
0.148
0.504
0.58
0.048
0.18
0.112
0.244
0.0
0.424
0.372
0.232
0.572
0.212
0.616
0.42
0.464
0.324
0.692
0.148
0.244
0.052
0.204
0.336
0.404
0.128
0.552
0.368
0.092
0.684
0.196
0.848
0.352
0.588
0.1
0.148
0.5
0.0
0.708
0.34
0.348
0.204
0.252
0.364
0.332
0.948
0.348
0.372
0.08
0.252
0.148
0.232
0.076
0.148
0.308
0.788
0.248
0.092
0.1
0.48
0.252
0.172
0.32
0.144
0.356
0.532
0.188
0.16
0.74
0.236
0.724
1.208
0.16
0.344
0.736
0.204
0.064
0.192
0.272
0.124
0.636
0.124
0.508
0.408
0.164
0.104
0.26
0.34
0.376
0.208
0.1
0.424
0.348
0.22
0.06
0.996
0.184
0.172
0.38
0.424
0.5
0.164
0.232
0.824
0.284
0.592
0.66
0.3
0.236
0.416
0.188
0.104
0.588
0.596
0.188
0.936
0.564
0.3
0.076
0.076
0.424
0.336
0.436
0.04
0.336
0.172
0.228
0.4
0.104
0.408
0.488
0.488
0.092
0.756
0.652
0.204
0.236
1.364
0.344
0.1
0.164
0.192
0.188
0.204
0.3
0.432
0.316
0.368
0.388
0.508
0.32
0.34
0.28
0.244
0.224
0.428
0.38
0.432
0.044
0.36
0.368
0.34
0.208
0.172
0.316
0.212
0.248
0.304
0.724
0.304
0.628
0.324
0.108
0.352
0.116
0.256
0.148
0.408
0.384
0.448
0.092
0.204
0.18
0.108
0.46
0.784
0.588
0.268
0.152
0.232
0.132
0.152
0.252
0.784
0.392
0.284
0.16
0.108
0.168
0.052
0.288
0.036
0.404
0.528
0.68
0.208
0.448
0.356
0.148
0.656
0.308
0.596
0.088
0.624
0.448
0.14
0.384
0.372
0.0
0.784
0.264
0.168
0.156
0.38
0.112
0.136
0.504
0.12
0.524
0.24
0.348
0.508
0.044
0.256
0.212
0.184
0.364
0.144
0.356
0.624
0.48
0.064
0.004
0.172
0.184
0.252
0.776
0.484
0.132
0.464
0.256
0.568
0.564
0.888
0.112
0.128
0.232
0.492
0.272
0.6
0.204
0.756
0.48
0.38
0.264
0.244
0.396
0.416
0.588
0.368
0.1
0.4
0.368
0.528
0.472
0.168
0.684
0.736
0.396
0.288
0.228
0.496
0.216
0.532
0.292
0.032
0.444
0.344
0.152
0.252
0.324
0.38
0.268
0.496
0.092
0.36
0.392
0.26
0.82
0.736
0.116
0.2
0.38
0.812
0.532
0.324
0.256
0.36
0.56
0.48
0.228
0.356
0.624
0.104
0.448
0.508
0.284
0.564
0.264
0.216
0.304
0.444
0.224
0.3
0.304
0.388
0.368
0.576
0.256
0.224
0.556
0.492
0.94
0.284
0.216
0.32
0.644
0.528
0.16
0.096
0.048
0.356
0.436
0.4
0.18
0.384
0.232
0.568
0.296
0.428
0.696
0.212
0.164
0.176
0.692
0.356
0.204
0.668
0.244
0.1
0.664
0.056
0.248
0.004
0.388
0.316
0.344
0.364
0.2
0.044
0.46
0.408
0.776
0.088
0.156
0.816
0.136
0.172
0.344
0.312
0.116
0.356
0.148
0.476
0.876
0.58
0.288
0.108
0.104
0.292
0.276
0.652
0.444
0.248
0.192
0.14
0.376
0.188
0.608
0.564
0.372
0.5
0.28
0.3
0.02
0.232
0.28
0.528
0.132
0.448
0.304
0.388
0.788
0.184
0.492
0.188
0.356
0.508
0.164
0.884
0.196
0.328
0.4
0.212
0.108
0.224
0.024
0.304
0.224
0.22
0.668
0.336
0.896
0.784
0.272
0.316
0.196
0.452
0.164
0.132
0.168
0.256
0.624
0.124
0.524
0.192
0.728
0.052
0.06
0.084
0.536
0.376
0.192
0.216
0.884
0.248
0.236
0.268
0.024
0.224
0.672
0.06
0.368
0.128
0.108
0.64
0.192
0.096
0.036
0.132
0.672
0.276
0.46
0.22
0.312
0.58
0.164
0.432
0.556
0.456
0.06
0.9
0.116
0.488
0.948
0.128
0.396
0.544
0.596
0.148
0.004
0.164
0.628
0.428
0.324
0.764
0.504
0.272
0.524
0.348
0.46
0.032
0.42
0.468
0.576
0.364
0.436
0.848
0.124
0.192
0.468
0.148
0.156
0.16
0.136
0.264
0.16
0.316
0.336
0.24
0.248
0.244
0.124
0.224
0.56
0.172
0.376
0.208
0.264
0.388
0.208
0.168
0.54
0.28
0.364
0.332
0.368
0.18
0.432
0.116
0.184
0.396
0.284
0.596
0.228
0.308
0.152
0.168
0.356
0.12
0.36
0.348
0.256
0.308
0.416
0.476
0.512
0.54
0.588
0.292
0.196
0.308
0.224
0.384
0.188
0.176
0.312
0.296
0.112
0.688
0.192
0.308
0.628
0.34
0.76
0.412
0.064
0.4
0.176
0.168
0.312
0.376
0.852
0.352
0.572
0.656
0.324
0.448
0.284
0.056
0.116
0.284
0.34
0.304
0.66
0.776
0.128
0.516
0.82
0.572
0.024
0.468
0.288
0.124
0.136
0.384
0.168
0.024
0.132
0.216
0.368
0.576
0.856
0.312
0.308
0.564
0.568
1.012
0.332
0.2
0.1
0.704
0.264
0.48
0.492
0.356
0.36
0.036
0.308
0.904
0.16
0.088
0.248
0.728
0.1
0.444
0.22
0.16
0.652
0.728
0.18
0.332
0.228
0.3
0.22
1.016
0.356
0.276
0.8
0.112
0.384
0.5
0.148
0.324
0.392
0.188
0.44
0.332
0.468
0.444
0.248
0.212
0.736
0.3
0.32
0.344
0.304
1.212
0.668
0.576
0.072
0.28
0.268
0.948
0.148
0.296
0.036
0.372
0.116
0.268
0.26
0.444
0.336
0.296
0.008
0.256
0.416
0.548
0.356
0.832
0.296
0.3
0.376
0.484
0.804
0.376
0.216
0.036
0.176
0.888
0.456
0.512
0.576
0.08
0.084
0.14
0.284
0.544
0.632
0.396
0.608
0.756
0.436
0.188
0.304
0.356
0.48
0.592
0.276
0.264
0.332
0.784
0.336
0.036
0.216
0.196
0.252
0.324
0.564
0.212
0.476
0.184
0.396
0.368
0.588
0.684
0.416
0.408
0.156
0.336
0.868
0.244
0.216
0.0
0.392
0.204
0.732
0.3
0.376
0.256
0.048
0.232
0.256
0.148
0.264
0.44
0.584
0.772
0.512
0.484
0.34
0.464
0.2
0.4
0.108
0.212
0.42
0.072
0.1
0.54
0.296
0.32
0.416
0.228
1.448
0.62
0.312
0.232
0.08
0.76
0.388
0.484
0.284
0.136
0.236
0.528
0.128
0.096
0.248
0.836
0.244
0.78
0.492
0.268
0.196
0.824
0.236
0.656
0.332
0.352
0.632
0.432
0.336
0.78
0.184
0.052
0.268
0.1
0.132
0.548
0.088
0.264
0.396
0.272
0.236
0.136
0.552
0.2
0.292
0.264
0.388
0.088
0.2
0.468
0.436
0.104
0.272
0.564
0.1
0.184
0.3
0.392
0.424
0.632
0.14
0.704
0.832
0.268
0.1
0.144
0.624
0.628
0.1
0.304
0.1
0.784
0.468
0.096
0.456
0.404
0.428
0.428
0.12
0.496
0.34
0.448
0.12
0.708
0.332
0.444
0.056
0.248
0.492
0.168
0.036
0.256
0.148
0.304
0.324
0.192
0.44
0.356
0.368
0.228
0.044
0.356
0.572
0.616
0.32
0.132
0.436
0.24
0.3
0.096
0.06
0.156
0.44
0.268
0.436
0.1
0.136
0.74
0.412
0.612
0.528
0.54
0.592
0.216
0.232
0.048
0.352
0.308
0.284
0.196
0.516
0.264
0.092
0.284
0.28
0.376
0.112
0.424
0.112
0.428
0.152
0.816
0.148
0.42
0.352
0.096
0.092
0.272
0.232
0.188
0.344
0.372
0.184
0.332
0.284
0.056
0.18
0.136
0.608
0.64
0.416
0.296
0.312
0.088
0.336
0.524
0.12
0.112
0.632
0.528
0.66
0.468
0.148
0.16
0.7
0.24
0.124
0.776
0.172
0.608
0.248
0.432
0.432
0.468
0.208
0.576
0.384
0.288
0.1
0.788
0.104
0.312
0.152
0.272
0.132
0.284
0.68
0.096
0.0
0.22
0.384
0.164
0.42
0.196
0.224
0.348
0.304
0.36
0.192
0.472
0.112
0.324
0.14
0.188
0.224
0.252
0.224
0.056
0.6
0.608
0.024
0.344
0.164
0.064
0.256
0.576
0.508
0.228
0.52
0.048
0.328
0.196
0.42
0.288
0.5
0.248
0.208
0.616
0.048
0.456
0.036
0.368
0.496
0.252
0.288
0.304
0.172
0.648
0.192
0.4
0.184
0.336
0.044
0.452
0.056
0.176
0.032
0.128
0.564
0.172
0.388
0.296
0.808
0.216
0.38
0.684
0.216
1.06
0.516
0.244
0.476
0.332
0.544
0.368
0.088
0.128
0.268
0.136
0.608
0.532
0.232
0.1
0.112
0.3
0.2
0.384
0.58
0.808
0.544
0.124
0.128
0.276
0.352
0.408
0.416
0.86
0.588
0.288
0.204
0.484
0.316
0.052
0.184
0.316
0.108
0.064
0.044
0.0
0.4
0.524
0.516
0.344
0.172
0.556
0.244
0.28
0.368
0.2
0.44
0.564
0.416
0.624
0.408
0.144
0.12
0.16
0.44
0.832
0.176
0.7
0.484
0.34
0.576
0.28
0.588
0.096
0.316
0.188
0.12
0.108
0.044
0.332
0.808
0.692
0.248
0.176
0.156
0.848
0.276
0.78
0.588
0.556
1.08
0.348
0.3
0.48
0.38
0.696
0.524
0.236
0.156
0.456
0.6
0.736
0.296
0.3
0.372
0.088
0.04
0.62
0.26
0.252
0.148
0.332
0.244
0.224
0.82
0.212
0.448
0.696
0.536
0.124
0.348
0.048
0.236
0.288
0.504
0.748
0.928
0.236
0.332
0.1
0.16
0.26
0.284
0.292
0.312
0.46
0.832
0.252
0.412
0.456
0.168
0.216
0.064
0.308
0.088
0.076
0.54
0.136
0.352
0.296
0.344
0.164
0.152
0.056
0.248
0.284
0.324
0.48
0.34
0.136
0.468
0.536
0.316
0.324
0.376
0.016
0.564
0.116
0.196
0.056
0.288
0.052
0.24
0.08
0.848
0.28
0.2
0.092
0.348
0.164
0.8
0.404
0.34
0.628
0.556
0.196
0.488
0.232
0.18
0.656
0.408
0.736
0.104
0.18
0.544
0.68
0.428
0.432
