71.40260017651204 221.21093845122854
12.885737458044977 36.420830273843194
543.5561062931065 517.0893530935618
531.4529971834105 104.59142933716183
437.3204465314131 89.88038411595134
386.68478751228497 183.8101693049426
328.8140413233523 292.4417267707598
180.04859331451945 598.2263431643495
90.56956668906182 190.9732812835114
447.4125931064431 449.6824825338888
345.562706138447 349.6105996494895
303.21613559799283 414.38418931448723
592.0191335858389 16.911738278433663
246.70773633692244 149.37638774469718
41.39987975098916 134.010654156753
189.72797427917675 557.2121408469565
307.6594192197077 440.82721862977587
320.36515760340956 91.12594653394967
249.55916730211806 132.73800930534924
85.5138323926043 578.3212700609014
301.1673624170166 313.6984108617775
88.53300964296848 163.01166558595565
380.7503244396021 252.15517235002864
377.50859685749185 341.13997963205753
481.7494933348737 204.81809639397736
