0.7513333333333333
0.8706666666666667
0.06
1.5573333333333332
0.146
0.716
0.9333333333333333
0.612
0.0
0.7106666666666667
0.14866666666666667
0.0
0.7893333333333333
0.38
1.6453333333333333
0.296
0.3333333333333333
0.7033333333333334
0.19133333333333333
0.8506666666666667
0.8753333333333333
0.43733333333333335
0.5706666666666667
0.9506666666666667
0.6053333333333333
0.438
0.476
0.20333333333333334
1.0633333333333332
0.01
0.6513333333333333
1.1346666666666667
0.004
1.3273333333333333
2.1006666666666667
1.6866666666666668
2.1566666666666667
1.514
1.536
1.8733333333333333
0.846
2.1533333333333333
1.2973333333333332
0.9126666666666666
2.396
1.3573333333333333
1.078
2.550666666666667
1.8933333333333333
1.6033333333333333
2.64
0.42533333333333334
1.124
1.412
0.9733333333333334
2.5846666666666667
2.533333333333333
1.4586666666666666
1.1913333333333334
1.228
1.6913333333333334
2.3033333333333332
1.178
1.7686666666666666
2.154
1.776
2.029333333333333
1.9426666666666668
2.4633333333333334
2.211333333333333
1.426
1.3733333333333333
1.9753333333333334
2.0906666666666665
2.009333333333333
1.3573333333333333
2.1193333333333335
1.21
1.2386666666666666
2.175333333333333
1.0733333333333333
1.0406666666666666
2.056
1.55
2.3566666666666665
2.1133333333333333
1.628
1.7253333333333334
2.596
1.6153333333333333
1.888
2.243333333333333
2.002
1.708
1.862
2.1153333333333335
1.7933333333333332
1.8266666666666667
2.5653333333333332
1.604
2.1813333333333333
2.1566666666666667
2.1413333333333333
2.4526666666666666
1.8346666666666667
1.6406666666666667
2.654
1.7946666666666666
2.1346666666666665
2.0086666666666666
1.392
1.8893333333333333
2.222
1.796
1.304
2.4486666666666665
2.166
1.8533333333333333
1.8073333333333332
1.8453333333333333
2.2653333333333334
2.728
2.642
2.6926666666666668
2.291333333333333
1.864
2.35
1.9113333333333333
2.497333333333333
2.162
0.8346666666666667
2.4306666666666668
2.4146666666666667
1.706
2.846
1.708
2.6
1.3733333333333333
2.1046666666666667
1.9753333333333334
1.992
2.76
1.1473333333333333
2.36
1.4653333333333334
2.534
1.7506666666666666
2.5046666666666666
1.6066666666666667
2.716666666666667
1.02
1.0513333333333332
1.2446666666666666
1.028
1.3053333333333332
1.3713333333333333
1.65
0.37333333333333335
1.35
0.35133333333333333
1.1453333333333333
1.1433333333333333
2.018666666666667
0.8726666666666667
2.004
1.492
1.0686666666666667
1.372
0.9293333333333333
1.1773333333333333
0.734
1.0373333333333334
1.328
1.622
1.668
1.0746666666666667
1.5993333333333333
1.002
1.3966666666666667
1.4966666666666666
3.186
1.5366666666666666
4.218666666666667
3.3173333333333335
3.852
3.054
2.6786666666666665
2.788
3.2253333333333334
3.1693333333333333
3.005333333333333
3.070666666666667
3.012
3.2973333333333334
2.8313333333333333
2.522
2.7266666666666666
2.5646666666666667
3.7906666666666666
2.506666666666667
3.142
2.1773333333333333
2.1413333333333333
3.666
1.9113333333333333
1.836
2.4806666666666666
2.9346666666666668
3.1486666666666667
2.798
3.985333333333333
1.994
4.677333333333333
3.8586666666666667
4.6113333333333335
3.9006666666666665
3.664
2.7146666666666666
3.71
4.02
4.968666666666667
4.343333333333334
3.3713333333333333
3.716
3.4166666666666665
3.486666666666667
2.509333333333333
3.592
4.006666666666667
4.497333333333334
2.9233333333333333
4.494666666666666
4.501333333333333
3.712666666666667
4.762666666666667
4.406666666666666
4.626666666666667
3.1786666666666665
4.546
3.6593333333333335
4.748666666666667
4.488666666666667
3.88
3.676
4.136666666666667
3.9966666666666666
4.852
3.6806666666666668
5.390666666666666
4.674666666666667
4.415333333333334
5.6706666666666665
5.225333333333333
3.8626666666666667
3.416
5.421333333333333
5.093333333333334
4.507333333333333
3.896
5.5713333333333335
4.6193333333333335
4.792
4.632
4.637333333333333
4.999333333333333
4.766
4.112
4.443333333333333
3.780666666666667
4.488
5.788
5.213333333333333
4.798666666666667
4.9126666666666665
5.850666666666666
4.9046666666666665
4.216666666666667
4.542666666666666
5.51
4.781333333333333
5.234666666666667
3.398
4.4446666666666665
4.694
4.238
5.252666666666666
5.366666666666666
5.382666666666666
5.4446666666666665
6.848
4.532666666666667
6.260666666666666
4.796666666666667
5.157333333333334
5.346666666666667
4.481333333333334
5.189333333333333
3.958666666666667
4.438666666666666
5.466
2.074
1.916
1.8173333333333332
1.9233333333333333
1.4
1.446
2.0046666666666666
1.5293333333333334
1.4973333333333334
1.5073333333333334
1.5013333333333334
1.8866666666666667
0.5766666666666667
1.4273333333333333
1.7306666666666666
1.7046666666666668
1.0613333333333332
1.69
1.936
2.0353333333333334
1.6326666666666667
1.4733333333333334
1.5433333333333332
1.3446666666666667
1.5126666666666666
1.5586666666666666
1.154
1.3406666666666667
2.264
0.7213333333333334
3.548
4.02
3.3586666666666667
4.15
3.970666666666667
3.738
4.488
3.9633333333333334
3.4186666666666667
3.207333333333333
4.665333333333334
3.1273333333333335
3.9713333333333334
5.1193333333333335
2.326
3.454
2.1066666666666665
3.727333333333333
3.424
2.992
3.5686666666666667
4.750666666666667
3.786
2.8393333333333333
4.334666666666666
3.788666666666667
2.582666666666667
3.322
4.3293333333333335
3.4086666666666665
6.208666666666667
4.367333333333334
5.429333333333333
5.530666666666667
5.538
6.002
5.552
4.359333333333334
5.762666666666667
5.104666666666667
5.538
4.8773333333333335
4.782666666666667
5.539333333333333
5.137333333333333
6.029333333333334
3.548
4.6226666666666665
4.772666666666667
4.825333333333333
5.665333333333334
4.463333333333333
4.83
5.958666666666667
4.826
4.881333333333333
4.621333333333333
4.457333333333334
5.206666666666667
3.8093333333333335
6.121333333333333
8.736666666666666
6.042666666666666
6.664
5.236
5.275333333333333
7.052
6.382
7.225333333333333
5.896
7.234
5.631333333333333
6.875333333333334
6.046
6.468
5.75
4.784666666666666
7.501333333333333
4.81
5.758666666666667
5.975333333333333
5.8373333333333335
6.730666666666667
4.81
6.594
4.6066666666666665
7.400666666666667
7.3213333333333335
6.568
5.588666666666667
8.194
5.204
7.625333333333334
6.47
8.951333333333332
7.314666666666667
7.736
7.745333333333333
4.147333333333333
8.284
7.814666666666667
8.150666666666666
7.488
6.535333333333333
6.903333333333333
6.936
5.791333333333333
8.89
7.434
6.094666666666667
8.269333333333334
7.244666666666666
7.114
7.301333333333333
7.368
4.914
6.586666666666667
6.78
6.362
6.895333333333333
2.3133333333333335
1.9733333333333334
1.354
1.6753333333333333
1.26
1.872
2.1033333333333335
2.5513333333333335
1.4433333333333334
1.7873333333333334
2.27
1.9786666666666666
2.066666666666667
2.1486666666666667
1.8686666666666667
1.088
1.9566666666666668
1.9426666666666668
1.64
1.1506666666666667
2.272
1.642
2.226
1.656
1.3
2.0113333333333334
1.8526666666666667
1.9326666666666668
3.6613333333333333
2.5513333333333335
5.376
3.6773333333333333
3.218
5.328
3.784666666666667
4.965333333333334
4.481333333333334
4.888
4.559333333333333
6.1146666666666665
3.1533333333333333
3.654
4.912
3.8893333333333335
4.4093333333333335
4.219333333333333
3.464
4.010666666666666
3.562666666666667
3.218
7.382666666666666
5.696
5.302666666666667
4.758
3.9206666666666665
2.808
3.6773333333333333
5.2973333333333334
5.054666666666667
4.895333333333333
6.107333333333333
6.28
6.584
7.066
6.491333333333333
5.930666666666666
5.498
5.703333333333333
5.034
7.1193333333333335
6.650666666666667
5.973333333333334
6.069333333333334
4.833333333333333
6.650666666666667
3.4926666666666666
5.706
5.698
6.899333333333334
5.918
7.576
7.6353333333333335
5.898
5.874
6.501333333333333
7.330666666666667
7.352
7.002666666666666
5.4366666666666665
4.3373333333333335
8.132
9.528666666666666
7.6306666666666665
7.53
6.045333333333334
6.794
6.191333333333334
9.033333333333333
6.28
8.672
7.080666666666667
7.052
6.319333333333334
7.946666666666666
6.1033333333333335
8.444
7.884
7.324
10.257333333333333
7.1226666666666665
6.498666666666667
6.274
5.984
7.506666666666667
5.914
6.1033333333333335
8.042
8.017333333333333
7.023333333333333
7.002
9.845333333333333
6.448666666666667
10.313333333333333
7.512666666666667
9.42
9.994666666666667
6.614
8.357333333333333
8.559333333333333
7.419333333333333
8.755333333333333
9.586666666666666
7.959333333333333
9.968666666666667
10.394666666666666
9.343333333333334
9.070666666666666
10.639333333333333
10.540666666666667
8.560666666666666
9.678
11.094
9.389333333333333
10.151333333333334
7.801333333333333
6.860666666666667
10.08
9.548666666666668
8.845333333333333
9.051333333333334
2.4013333333333335
1.9053333333333333
1.8993333333333333
1.5393333333333334
1.7966666666666666
1.8393333333333333
1.956
2.4066666666666667
1.4286666666666668
2.852
2.3413333333333335
1.912
2.7746666666666666
2.0473333333333334
1.3886666666666667
2.218
2.284
2.2973333333333334
1.98
2.0513333333333335
2.0606666666666666
2.4186666666666667
1.0433333333333332
1.496
2.1946666666666665
2.3966666666666665
1.4953333333333334
1.5053333333333334
1.486
2.036
5.896
4.176666666666667
4.51
4.969333333333333
4.58
4.18
5.725333333333333
4.998
4.752
7.574666666666666
4.607333333333333
4.668
5.4126666666666665
6.888
6.200666666666667
6.443333333333333
4.478666666666666
5.172
4.732666666666667
3.954
4.15
4.33
7.140666666666666
5.924666666666667
6.356
4.370666666666667
6.8613333333333335
4.424
5.009333333333333
4.691333333333334
6.849333333333333
5.185333333333333
7.315333333333333
8.146666666666667
7.158666666666667
7.075333333333333
5.975333333333333
7.432666666666667
8.463333333333333
6.217333333333333
9.684666666666667
6.530666666666667
7.704666666666666
7.664
8.677333333333333
10.239333333333333
6.578
8.442
6.394
6.054
6.535333333333333
6.421333333333333
8.464
5.665333333333334
7.648666666666666
9.386666666666667
7.976
7.804666666666667
6.424666666666667
6.126
6.518
7.045333333333334
9.685333333333332
9.038
7.464
8.642
7.085333333333334
9.946666666666667
9.090666666666667
10.354
9.802
7.362
7.874666666666666
7.581333333333333
9.254666666666667
8.278
9.603333333333333
7.030666666666667
9.077333333333334
7.8373333333333335
7.304666666666667
7.889333333333333
7.341333333333333
8.742666666666667
7.280666666666667
11.126
8.524666666666667
7.178
9.897333333333334
6.776666666666666
9.698666666666666
11.907333333333334
11.464666666666666
10.716666666666667
8.287333333333333
9.429333333333334
9.953333333333333
10.978
12.274666666666667
10.778
9.178
8.442
12.588
9.97
12.189333333333334
10.272
9.018666666666666
11.216
10.799333333333333
11.265333333333333
10.562
10.949333333333334
10.302666666666667
9.448666666666666
10.369333333333334
8.115333333333334
10.525333333333334
7.474
11.509333333333334
12.652
0.66
0.0
1.0013333333333334
0.20666666666666667
1.4846666666666666
1.0026666666666666
0.4146666666666667
0.22666666666666666
0.8346666666666667
0.7
0.3893333333333333
0.9826666666666667
0.8946666666666667
1.1713333333333333
0.8713333333333333
0.6073333333333333
0.142
0.9726666666666667
1.4393333333333334
0.2693333333333333
0.8973333333333333
0.3446666666666667
0.26466666666666666
0.964
0.542
0.31333333333333335
0.412
0.35333333333333333
0.47
0.82
0.40066666666666667
2.4013333333333335
0.16266666666666665
0.5766666666666667
1.254
0.7366666666666667
1.8566666666666667
1.4913333333333334
0.8206666666666667
1.1526666666666667
0.8846666666666667
1.4346666666666668
0.35
1.52
1.16
1.6693333333333333
1.1973333333333334
0.974
1.5666666666666667
0.5286666666666666
1.5226666666666666
1.7853333333333334
0.6566666666666666
1.6826666666666668
0.548
1.2233333333333334
1.0613333333333332
0.6266666666666667
1.4706666666666666
1.622
1.8886666666666667
1.9273333333333333
1.888
1.9913333333333334
0.758
2.214
1.7686666666666666
0.974
1.356
1.132
1.498
1.5646666666666667
1.3426666666666667
2.4053333333333335
1.0006666666666666
0.7733333333333333
1.796
1.1206666666666667
1.3853333333333333
1.3113333333333332
2.0573333333333332
1.204
2.8426666666666667
1.3666666666666667
1.0186666666666666
1.5046666666666666
0.712
0.5726666666666667
2.8333333333333335
2.3026666666666666
1.7853333333333334
1.4386666666666668
2.314
1.034
1.0926666666666667
0.904
2.6386666666666665
1.0953333333333333
1.26
1.9826666666666666
1.0433333333333332
1.6453333333333333
1.4853333333333334
1.5973333333333333
2.2826666666666666
1.09
0.8226666666666667
2.7813333333333334
1.202
1.104
2.4053333333333335
2.1426666666666665
1.9433333333333334
1.3933333333333333
1.3833333333333333
1.1966666666666668
1.908
1.1606666666666667
1.8886666666666667
1.2926666666666666
2.37
1.3826666666666667
2.284
2.064
1.3486666666666667
1.3893333333333333
1.1226666666666667
1.802
2.21
1.8546666666666667
1.0226666666666666
2.1266666666666665
2.034
2.3486666666666665
2.3686666666666665
2.514666666666667
2.550666666666667
1.33
2.3453333333333335
1.57
2.546666666666667
2.576
2.287333333333333
2.037333333333333
1.4833333333333334
1.9493333333333334
1.62
1.3926666666666667
1.99
1.8173333333333332
0.8673333333333333
0.7433333333333333
1.1
1.3006666666666666
1.2566666666666666
0.702
0.9146666666666666
1.122
1.0493333333333332
0.8913333333333333
1.2866666666666666
0.6406666666666667
0.6366666666666667
1.6653333333333333
0.8733333333333333
1.0006666666666666
1.1206666666666667
1.0653333333333332
1.0773333333333333
1.1473333333333333
0.8993333333333333
1.3226666666666667
0.7853333333333333
1.6426666666666667
1.158
0.872
1.572
0.3526666666666667
0.4746666666666667
0.8633333333333333
2.223333333333333
3.3773333333333335
2.2046666666666668
2.986
2.4126666666666665
2.4353333333333333
2.1466666666666665
2.1593333333333335
2.804
1.9346666666666668
2.3813333333333335
2.6086666666666667
1.5666666666666667
2.4633333333333334
2.187333333333333
2.9033333333333333
2.3933333333333335
4.399333333333334
3.262
3.49
1.8146666666666667
1.3406666666666667
2.81
3.4473333333333334
2.184
2.342
2.784
1.8686666666666667
3.2413333333333334
2.7746666666666666
3.224
2.925333333333333
2.482
3.6493333333333333
3.058
4.088
3.0473333333333334
4.446666666666666
2.0366666666666666
3.783333333333333
2.9526666666666666
3.1933333333333334
2.148
3.02
3.0
2.7266666666666666
2.384
3.1246666666666667
2.124
3.756666666666667
4.645333333333333
1.9626666666666666
3.215333333333333
3.457333333333333
3.382
3.8153333333333332
3.18
2.9486666666666665
4.216666666666667
3.537333333333333
4.6866666666666665
4.3613333333333335
4.0713333333333335
3.2993333333333332
4.228
4.561333333333334
3.924
2.1906666666666665
4.45
4.3726666666666665
3.3846666666666665
4.526666666666666
3.7266666666666666
3.8
3.452
2.9486666666666665
3.9046666666666665
4.580666666666667
5.573333333333333
4.918666666666667
3.8653333333333335
3.5653333333333332
2.766
4.492666666666667
3.4766666666666666
3.6733333333333333
4.6113333333333335
4.852666666666667
4.375333333333334
3.342
3.8266666666666667
3.4913333333333334
4.267333333333333
5.925333333333334
3.94
3.0086666666666666
2.908
5.11
4.008666666666667
2.9006666666666665
4.386
3.5326666666666666
4.854
2.029333333333333
3.4326666666666665
5.092666666666666
4.028666666666667
5.764666666666667
4.344
4.580666666666667
4.422
6.28
2.982666666666667
3.5673333333333335
3.6973333333333334
4.610666666666667
4.4206666666666665
3.2493333333333334
2.2053333333333334
3.4106666666666667
1.1386666666666667
1.608
1.2413333333333334
0.664
1.7953333333333332
1.306
1.4493333333333334
1.5966666666666667
0.9913333333333333
1.912
0.918
1.2746666666666666
1.4933333333333334
1.5813333333333333
1.2626666666666666
0.7833333333333333
0.9973333333333333
1.3
1.1833333333333333
1.542
1.59
1.3506666666666667
0.82
1.7253333333333334
1.2266666666666666
1.2506666666666666
1.9533333333333334
1.1993333333333334
1.4333333333333333
1.6673333333333333
4.406
2.252666666666667
4.506666666666667
2.728
2.5193333333333334
3.774
3.3493333333333335
4.355333333333333
2.834
3.142
3.6606666666666667
2.406
3.738
3.2346666666666666
2.07
4.42
3.8826666666666667
2.088
4.004
2.296666666666667
2.9266666666666667
1.7493333333333334
3.1313333333333335
2.564
2.2046666666666668
3.754
3.41
3.4273333333333333
3.838
3.39
4.984
3.477333333333333
4.803333333333334
3.4833333333333334
3.8366666666666664
5.8886666666666665
4.552666666666667
3.5433333333333334
3.5593333333333335
4.964666666666667
4.814666666666667
4.241333333333333
3.888
5.224666666666667
4.56
3.6886666666666668
5.216666666666667
3.711333333333333
5.498
3.8493333333333335
3.676
5.08
5.4046666666666665
4.242666666666667
4.008666666666667
3.722
5.204
3.1766666666666667
3.962666666666667
5.318
5.577333333333334
5.145333333333333
4.0873333333333335
7.230666666666667
6.324
6.109333333333334
7.194
6.053333333333334
4.1306666666666665
3.8353333333333333
3.708666666666667
3.767333333333333
3.7533333333333334
5.038
6.802666666666667
5.513333333333334
4.5553333333333335
4.306666666666667
6.1546666666666665
5.472666666666667
5.318666666666667
5.478666666666666
6.922
4.748666666666667
5.036
6.768666666666666
5.5873333333333335
5.612666666666667
5.761333333333333
5.318666666666667
4.788
6.5906666666666665
5.396
5.294666666666667
4.386
3.969333333333333
5.55
5.515333333333333
6.366666666666666
5.293333333333333
7.04
5.773333333333333
6.995333333333333
5.868666666666667
4.6306666666666665
5.776
4.794
5.746666666666667
6.825333333333333
4.787333333333334
7.3806666666666665
5.075333333333333
4.132
5.589333333333333
6.271333333333334
8.580666666666668
5.582666666666666
5.966666666666667
7.488
5.272
1.7693333333333334
1.994
1.6226666666666667
2.3233333333333333
1.746
1.5206666666666666
2.1113333333333335
1.4033333333333333
2.07
1.2406666666666666
1.962
1.0733333333333333
1.9193333333333333
1.764
1.204
1.8573333333333333
1.994
2.474666666666667
0.8033333333333333
1.7193333333333334
1.0933333333333333
1.5893333333333333
2.1273333333333335
1.1406666666666667
1.5086666666666666
2.3253333333333335
0.9073333333333333
1.6753333333333333
1.1666666666666667
1.5093333333333334
3.533333333333333
4.873333333333333
3.8446666666666665
4.8406666666666665
4.240666666666667
3.2946666666666666
3.686
3.962
2.8233333333333333
2.762
3.5953333333333335
3.6573333333333333
2.786
2.228666666666667
2.3606666666666665
4.308666666666666
4.544666666666667
3.822
4.272666666666667
3.0613333333333332
5.1626666666666665
2.826
3.582
2.788
4.467333333333333
4.435333333333333
4.123333333333333
2.9193333333333333
3.505333333333333
5.223333333333334
4.126
5.766666666666667
6.074666666666666
5.164666666666666
3.8026666666666666
6.6513333333333335
4.868666666666667
4.769333333333333
3.692
6.1513333333333335
6.505333333333334
6.194
5.687333333333333
4.144666666666667
5.402
5.950666666666667
6.175333333333334
4.408
3.667333333333333
4.94
5.330666666666667
5.1306666666666665
6.921333333333333
4.478666666666666
4.857333333333333
5.8533333333333335
4.689333333333333
3.7533333333333334
5.3133333333333335
6.510666666666666
7.174666666666667
6.958666666666667
6.784
7.254
7.622
6.832666666666666
5.723333333333334
5.742
7.622
7.644
6.26
6.350666666666666
7.140666666666666
5.482666666666667
5.557333333333333
5.852666666666667
6.120666666666667
7.330666666666667
6.050666666666666
6.644
6.769333333333333
6.524666666666667
6.249333333333333
4.526666666666666
6.413333333333333
5.959333333333333
5.698666666666667
6.548666666666667
5.406666666666666
7.706
8.604666666666667
8.622
6.807333333333333
6.806
10.342
8.577333333333334
8.570666666666666
9.133333333333333
7.745333333333333
7.475333333333333
9.886666666666667
6.185333333333333
7.236666666666666
5.6226666666666665
9.914
9.664
6.392
7.376
9.4
5.763333333333334
8.402666666666667
8.3
6.776666666666666
7.680666666666666
7.626
7.3966666666666665
7.213333333333333
8.375333333333334
5.068666666666667
9.064666666666668
0.748
1.7593333333333334
2.372
2.195333333333333
1.7913333333333334
2.398
2.332
1.712
2.418
1.696
1.1626666666666667
2.3413333333333335
1.7053333333333334
1.2233333333333334
1.3266666666666667
2.29
2.6193333333333335
2.276
3.1346666666666665
1.5166666666666666
2.22
1.0093333333333334
1.6846666666666668
2.2053333333333334
1.5326666666666666
1.2933333333333332
2.1173333333333333
2.8853333333333335
1.7773333333333334
1.626
4.618
3.7053333333333334
5.014666666666667
4.499333333333333
5.192
4.971333333333333
3.6546666666666665
3.708
4.765333333333333
4.640666666666666
4.4126666666666665
4.802
4.201333333333333
5.608
3.1786666666666665
5.751333333333333
3.8806666666666665
4.609333333333334
4.666666666666667
3.784
2.6846666666666668
5.560666666666667
3.8813333333333335
4.558666666666666
2.01
4.262666666666667
4.352
3.945333333333333
3.62
4.492666666666667
7.068
7.656
6.8
7.132
7.731333333333334
7.476666666666667
5.83
8.480666666666666
5.061333333333334
6.827333333333334
5.996666666666667
6.390666666666666
6.3373333333333335
6.711333333333333
5.215333333333334
5.286666666666667
5.652
8.09
6.24
6.779333333333334
6.295333333333334
4.251333333333333
7.3293333333333335
4.1273333333333335
5.002666666666666
7.586666666666667
5.34
6.591333333333333
3.166
5.802
4.776
6.665333333333334
6.866
7.580666666666667
6.207333333333334
6.8406666666666665
6.988
5.477333333333333
8.867333333333333
7.386
5.57
8.140666666666666
8.293333333333333
6.060666666666667
9.121333333333334
9.454
7.338666666666667
8.584
6.69
8.161333333333333
7.679333333333333
4.672666666666666
8.984666666666667
6.196
8.418666666666667
9.59
9.498666666666667
6.067333333333333
7.384666666666667
7.494
9.97
9.309333333333333
6.184666666666667
11.225333333333333
10.348
9.448666666666666
8.359333333333334
6.86
7.886666666666667
10.107333333333333
10.951333333333332
6.650666666666667
6.9286666666666665
11.370666666666667
9.786
8.274666666666667
9.634666666666666
9.074666666666667
9.489333333333333
9.76
6.636
8.482666666666667
9.130666666666666
8.009333333333334
6.391333333333334
8.226
10.332
9.933333333333334
10.271333333333333
10.912
0.67
0.16866666666666666
0.11066666666666666
0.7946666666666666
0.364
0.11733333333333333
1.138
1.3606666666666667
0.45266666666666666
0.37133333333333335
0.0
0.38666666666666666
0.19266666666666668
1.0486666666666666
0.0
0.228
0.0
0.9573333333333334
1.2793333333333334
0.054
0.222
0.6893333333333334
0.28
0.5853333333333334
0.696
0.042
0.4
1.2446666666666666
0.032
1.7306666666666666
0.10733333333333334
1.23
0.6226666666666667
1.1413333333333333
0.8146666666666667
1.8086666666666666
0.7786666666666666
1.4373333333333334
0.494
2.05
0.24933333333333332
2.006
1.5986666666666667
1.8393333333333333
1.06
1.0286666666666666
1.054
1.526
0.8206666666666667
1.4926666666666666
0.36933333333333335
1.18
0.43666666666666665
1.1473333333333333
0.8633333333333333
0.7386666666666667
1.1666666666666667
2.118
0.39
0.12
0.8466666666666667
0.8593333333333333
2.211333333333333
0.9693333333333334
1.2273333333333334
1.206
1.236
1.1326666666666667
0.8506666666666667
1.506
2.0313333333333334
1.7933333333333332
1.8
1.126
1.6233333333333333
1.274
1.572
1.376
1.1066666666666667
1.0653333333333332
1.7973333333333332
1.1453333333333333
1.3606666666666667
1.1313333333333333
0.6633333333333333
0.7713333333333333
1.616
2.212666666666667
1.398
1.392
1.228
0.892
1.4646666666666666
1.1373333333333333
1.56
1.854
1.5653333333333332
1.4746666666666666
2.422
1.5726666666666667
0.8833333333333333
1.2886666666666666
1.846
1.6673333333333333
1.5266666666666666
1.55
0.552
1.4673333333333334
1.5866666666666667
1.0766666666666667
2.43
1.2026666666666668
1.49
2.244
1.3933333333333333
1.0006666666666666
1.148
1.3806666666666667
1.0453333333333332
1.3026666666666666
1.0946666666666667
1.8626666666666667
1.852
1.7793333333333334
1.874
2.9106666666666667
2.3746666666666667
1.3193333333333332
1.2073333333333334
1.6586666666666667
2.042666666666667
1.6026666666666667
1.6646666666666667
1.5913333333333333
2.0853333333333333
1.1686666666666667
2.104
2.634
1.9586666666666666
0.552
1.5706666666666667
1.788
1.8506666666666667
2.1246666666666667
1.9493333333333334
2.1573333333333333
1.148
1.2433333333333334
2.0313333333333334
2.6406666666666667
1.2673333333333334
1.442
1.318
1.434
0.5813333333333334
0.608
0.5346666666666666
1.2433333333333334
1.338
0.568
1.4326666666666668
1.0186666666666666
1.1233333333333333
1.2486666666666666
0.7406666666666667
1.228
1.282
0.806
1.1226666666666667
1.0846666666666667
0.44333333333333336
0.9733333333333334
1.0186666666666666
1.018
0.9446666666666667
0.444
0.7953333333333333
1.084
0.352
1.5826666666666667
2.4646666666666666
2.602
1.9973333333333334
0.9066666666666666
2.3446666666666665
1.9193333333333333
2.3953333333333333
2.6853333333333333
1.9633333333333334
2.046666666666667
3.142
1.8053333333333332
1.6273333333333333
0.6833333333333333
2.256666666666667
1.4486666666666668
2.1426666666666665
1.6613333333333333
1.1273333333333333
1.844
1.5993333333333333
1.1306666666666667
2.5206666666666666
1.2133333333333334
1.4606666666666666
1.4833333333333334
2.458
1.5393333333333334
2.8233333333333333
1.6493333333333333
2.86
3.4886666666666666
2.036
2.878
2.0033333333333334
1.6706666666666667
2.675333333333333
2.3373333333333335
2.55
3.2413333333333334
2.96
3.102
0.6426666666666667
1.732
2.9433333333333334
1.4206666666666667
3.394
2.9393333333333334
2.756
2.4153333333333333
2.68
1.3353333333333333
3.478
2.6726666666666667
3.208
2.146
3.11
2.445333333333333
3.946
2.792666666666667
2.8146666666666667
3.478666666666667
2.3926666666666665
2.272666666666667
3.267333333333333
2.458666666666667
3.312
3.938
2.494666666666667
3.6286666666666667
2.7733333333333334
5.506666666666667
2.9426666666666668
3.9686666666666666
3.156
2.1393333333333335
2.468
2.72
3.564
3.252666666666667
3.8933333333333335
3.199333333333333
3.118
3.3773333333333335
4.086666666666667
3.743333333333333
3.291333333333333
3.726
3.554
2.9433333333333334
3.941333333333333
5.620666666666667
3.6546666666666665
4.091333333333333
3.783333333333333
4.1033333333333335
4.286666666666667
3.1333333333333333
4.061333333333334
3.3586666666666667
4.052
3.5513333333333335
3.582666666666667
5.1066666666666665
3.2106666666666666
3.675333333333333
3.4886666666666666
4.390666666666666
3.334
4.794666666666667
3.292
4.658666666666667
3.0113333333333334
3.9466666666666668
4.033333333333333
2.8193333333333332
2.8093333333333335
3.738
4.331333333333333
5.0713333333333335
0.7066666666666667
1.302
1.0
1.0506666666666666
1.804
1.2733333333333334
2.284666666666667
1.4406666666666668
1.2153333333333334
0.47533333333333333
1.242
0.9733333333333334
1.6633333333333333
1.1606666666666667
0.9293333333333333
1.5673333333333332
1.2673333333333334
0.7826666666666666
1.4486666666666668
2.1473333333333335
2.1853333333333333
1.3306666666666667
0.9
1.2986666666666666
1.6826666666666668
0.832
1.6513333333333333
1.6773333333333333
0.782
1.8473333333333333
3.3066666666666666
2.556
2.3013333333333335
1.5386666666666666
2.5966666666666667
2.2046666666666668
1.982
2.8846666666666665
3.368
2.93
3.3413333333333335
2.0
2.208
2.062666666666667
2.824666666666667
3.541333333333333
2.3173333333333335
3.304666666666667
3.256
1.994
2.126
2.4913333333333334
1.5873333333333333
2.6826666666666665
3.716
2.03
1.3206666666666667
2.8813333333333335
1.3406666666666667
2.6813333333333333
4.211333333333333
3.9593333333333334
3.108
4.5473333333333334
4.764666666666667
4.205333333333333
3.5713333333333335
4.268
4.072666666666667
4.289333333333333
4.692
2.8433333333333333
4.338
5.302666666666667
4.707333333333334
4.4
3.376
4.716666666666667
3.0886666666666667
1.576
3.0533333333333332
3.7493333333333334
3.2573333333333334
3.242
4.692
4.516666666666667
4.116666666666666
3.322
3.398
4.398666666666666
5.538
5.646
5.07
4.424666666666667
3.634
5.494
4.046
5.395333333333333
4.638
5.485333333333333
5.5473333333333334
4.098
4.766666666666667
3.9306666666666668
3.4326666666666665
4.674
3.566
6.094
3.6493333333333333
2.088
6.4093333333333335
3.957333333333333
4.360666666666667
3.3926666666666665
5.254666666666667
5.524666666666667
4.441333333333334
4.929333333333333
4.256
5.09
4.388
5.352
5.850666666666666
6.675333333333334
5.980666666666667
6.048
4.085333333333334
5.359333333333334
5.539333333333333
5.826
6.858666666666666
5.817333333333333
4.764666666666667
5.008
4.384
7.0986666666666665
3.506
5.523333333333333
6.838666666666667
4.8613333333333335
6.137333333333333
4.728666666666666
5.439333333333333
7.15
4.3773333333333335
6.124666666666666
4.671333333333333
6.058666666666666
6.986
5.237333333333333
1.4073333333333333
1.1833333333333333
1.5126666666666666
2.2266666666666666
1.046
1.8906666666666667
2.207333333333333
1.242
1.378
1.3193333333333332
1.7166666666666666
1.5973333333333333
1.3673333333333333
2.263333333333333
0.9626666666666667
2.1346666666666665
1.4266666666666667
1.0013333333333334
1.7446666666666666
1.0386666666666666
2.184
1.392
1.264
2.062
1.8773333333333333
1.264
1.6346666666666667
1.6226666666666667
1.3273333333333333
1.11
4.156
5.526666666666666
3.1726666666666667
3.626
2.1406666666666667
4.179333333333333
3.27
2.904
4.744
3.7893333333333334
2.985333333333333
2.6086666666666667
3.1326666666666667
3.001333333333333
2.5573333333333332
3.6733333333333333
4.900666666666667
4.356
4.076
3.8813333333333335
4.876666666666667
2.985333333333333
2.674
2.8073333333333332
3.9106666666666667
2.7226666666666666
2.52
2.4446666666666665
2.9686666666666666
3.474666666666667
3.356
5.36
6.259333333333333
3.969333333333333
4.588
5.207333333333334
5.446666666666666
4.024
4.460666666666667
4.184666666666667
4.67
4.01
5.383333333333334
5.768666666666666
5.496
5.804666666666667
6.3966666666666665
4.320666666666667
6.043333333333333
5.334
3.937333333333333
5.544666666666667
4.838
5.207333333333334
3.454
3.3846666666666665
4.525333333333333
3.6133333333333333
5.493333333333333
5.382666666666666
7.745333333333333
6.836666666666667
3.7746666666666666
5.078
4.790666666666667
6.195333333333333
5.855333333333333
6.752
6.899333333333334
4.513333333333334
3.711333333333333
6.168666666666667
5.302666666666667
6.714
6.368
4.878666666666667
4.059333333333333
5.990666666666667
7.069333333333334
3.7106666666666666
4.534666666666666
5.784
5.6033333333333335
5.067333333333333
3.9913333333333334
6.612666666666667
6.924666666666667
5.3646666666666665
6.962666666666666
6.450666666666667
6.294
5.702
7.122
6.4366666666666665
5.4
8.468666666666667
6.250666666666667
6.536666666666667
5.008666666666667
5.2973333333333334
7.490666666666667
9.278666666666666
8.272666666666666
9.388
7.955333333333333
6.910666666666667
6.93
4.898
8.378
8.032666666666668
6.876666666666667
4.6706666666666665
6.919333333333333
4.32
7.283333333333333
4.872
6.097333333333333
5.398666666666666
5.639333333333333
6.4093333333333335
1.5506666666666666
2.5806666666666667
1.4673333333333334
2.231333333333333
1.618
2.1186666666666665
1.422
1.6026666666666667
2.008
1.354
2.766
2.470666666666667
1.738
1.0313333333333334
1.5053333333333334
3.1853333333333333
2.066666666666667
1.3966666666666667
0.918
3.0113333333333334
1.7066666666666668
1.038
0.9073333333333333
1.3233333333333333
2.1253333333333333
1.2913333333333334
1.7353333333333334
1.998
1.6473333333333333
1.372
5.912
3.278
3.5086666666666666
3.5353333333333334
3.948
4.123333333333333
4.129333333333333
4.868
2.294
4.606
3.2
3.6486666666666667
3.088
4.065333333333333
1.7606666666666666
4.677333333333333
5.089333333333333
3.3386666666666667
3.746
4.994666666666666
3.15
3.7046666666666668
4.098
4.538
4.488666666666667
4.352
4.094666666666667
5.039333333333333
4.25
2.0793333333333335
4.924
7.8693333333333335
3.7146666666666666
7.19
5.539333333333333
5.5986666666666665
5.5713333333333335
6.301333333333333
6.118
6.216
7.708666666666667
4.557333333333333
7.522
5.0906666666666665
7.357333333333333
5.5793333333333335
6.572
4.245333333333333
6.382
3.8313333333333333
6.722
5.014
5.791333333333333
5.873333333333333
6.419333333333333
4.1433333333333335
4.814666666666667
3.997333333333333
6.744
4.472
8.793333333333333
7.538
7.848
6.922666666666666
5.918666666666667
7.776666666666666
6.030666666666667
9.304666666666666
8.873333333333333
7.52
5.480666666666667
5.8406666666666665
5.419333333333333
5.922666666666666
8.065333333333333
6.642
8.644
8.722666666666667
7.584
6.422
6.188666666666666
7.0953333333333335
7.93
5.756
7.609333333333334
6.267333333333333
7.964
8.433333333333334
5.358666666666666
5.4526666666666666
7.106
7.152666666666667
9.610666666666667
7.588666666666667
9.908
6.016666666666667
5.892
10.046666666666667
6.724666666666667
6.366666666666666
10.928
10.474
8.881333333333334
4.8533333333333335
7.137333333333333
7.264
8.055333333333333
9.368666666666666
6.814666666666667
8.036
7.417333333333334
8.78
6.168
6.604666666666667
9.032
7.599333333333333
7.457333333333334
7.236666666666666
7.336666666666667
7.868666666666667
0.008666666666666666
0.41
0.5033333333333333
0.29533333333333334
0.22333333333333333
0.2866666666666667
0.0
0.328
0.68
0.432
0.019333333333333334
0.842
0.8126666666666666
0.08133333333333333
0.354
0.44866666666666666
0.648
0.612
0.0
0.04133333333333333
0.462
0.126
0.33666666666666667
0.0
0.14533333333333334
0.21133333333333335
0.8386666666666667
0.09533333333333334
0.17666666666666667
0.5826666666666667
0.806
0.6506666666666666
1.468
0.4693333333333333
0.7446666666666667
2.146
0.5053333333333333
1.2406666666666666
0.176
0.9393333333333334
0.736
1.0493333333333332
1.014
0.632
0.30733333333333335
0.752
0.8826666666666667
0.36466666666666664
0.7326666666666667
0.73
1.2593333333333334
0.542
0.49933333333333335
0.14866666666666667
0.25533333333333336
1.1106666666666667
0.9473333333333334
0.6586666666666666
0.3413333333333333
0.6493333333333333
1.1233333333333333
0.7486666666666667
1.2866666666666666
0.8973333333333333
0.224
1.3086666666666666
0.6886666666666666
1.582
1.586
0.236
0.7026666666666667
0.612
1.6293333333333333
0.43133333333333335
1.318
0.9746666666666667
0.6006666666666667
0.5353333333333333
0.4533333333333333
1.7786666666666666
1.574
0.8766666666666667
1.116
1.4993333333333334
1.4873333333333334
0.49266666666666664
1.9246666666666667
1.096
0.43733333333333335
0.472
1.1073333333333333
1.034
1.1746666666666667
1.084
1.342
1.2186666666666666
1.5846666666666667
1.17
0.9093333333333333
1.3033333333333332
0.9313333333333333
0.7733333333333333
1.66
1.036
1.2406666666666666
1.176
0.842
2.02
0.30533333333333335
1.3713333333333333
0.4166666666666667
1.694
1.7413333333333334
1.264
0.29
1.6666666666666667
1.6386666666666667
1.6346666666666667
0.254
1.296
0.9553333333333334
0.796
0.5213333333333333
1.2526666666666666
0.5493333333333333
0.5106666666666667
0.7946666666666666
1.7313333333333334
2.2266666666666666
0.7206666666666667
1.706
1.2766666666666666
1.3213333333333332
1.4053333333333333
1.4793333333333334
1.1193333333333333
1.3133333333333332
1.0226666666666666
0.8353333333333334
2.542666666666667
1.8633333333333333
1.1853333333333333
1.7926666666666666
0.568
0.31733333333333336
0.6473333333333333
0.8073333333333333
1.0813333333333333
0.6813333333333333
1.3473333333333333
0.5833333333333334
1.0566666666666666
0.7393333333333333
0.9446666666666667
1.468
1.0746666666666667
1.6666666666666667
0.504
0.204
0.5873333333333334
0.19666666666666666
0.8713333333333333
0.6726666666666666
0.47
0.6353333333333333
0.6893333333333334
1.354
1.1866666666666668
0.35333333333333333
0.234
0.792
1.1726666666666667
0.672
1.2233333333333334
0.5766666666666667
0.22666666666666666
0.498
0.7226666666666667
0.10733333333333334
1.0986666666666667
1.31
1.0686666666666667
0.5033333333333333
0.8673333333333333
1.4566666666666668
1.6153333333333333
1.0633333333333332
1.5506666666666666
3.324
0.9593333333333334
2.8673333333333333
1.8206666666666667
1.608
0.824
2.526
1.8746666666666667
1.7666666666666666
2.598
1.516
1.512
0.708
0.9346666666666666
0.778
1.8266666666666667
1.876
1.3893333333333333
2.284
1.686
2.9233333333333333
1.488
2.144
2.618
2.6906666666666665
2.921333333333333
3.465333333333333
2.41
1.8586666666666667
2.473333333333333
1.0113333333333334
1.874
2.7933333333333334
3.0166666666666666
3.1626666666666665
2.6133333333333333
3.812
1.8073333333333332
1.7873333333333334
1.84
2.8826666666666667
2.5246666666666666
2.208
2.2893333333333334
1.8506666666666667
2.284666666666667
1.5
2.1893333333333334
1.6606666666666667
1.668
2.9753333333333334
2.012
4.19
3.312666666666667
3.054666666666667
1.9533333333333334
2.8273333333333333
2.493333333333333
1.1226666666666667
3.1493333333333333
3.227333333333333
3.116
2.6526666666666667
3.852
3.01
3.1606666666666667
2.5526666666666666
2.6273333333333335
2.3393333333333333
1.65
2.3853333333333335
2.3466666666666667
3.35
2.764
1.7933333333333332
3.7626666666666666
3.4953333333333334
2.332
4.8806666666666665
2.6353333333333335
2.203333333333333
2.4913333333333334
2.7013333333333334
1.954
2.5313333333333334
3.664
2.234
4.560666666666667
2.8726666666666665
2.195333333333333
3.892
4.471333333333333
3.0446666666666666
4.412
2.9393333333333334
3.036
2.3886666666666665
4.439333333333333
4.466
4.096
4.554
4.3886666666666665
3.820666666666667
2.6553333333333335
3.167333333333333
3.2066666666666666
5.320666666666667
2.961333333333333
3.179333333333333
2.752
2.6553333333333335
3.7266666666666666
1.2213333333333334
0.97
0.5346666666666666
1.616
1.208
1.1646666666666667
1.0866666666666667
1.7233333333333334
1.8946666666666667
1.2153333333333334
1.6813333333333333
0.8553333333333333
0.58
1.286
1.5586666666666666
1.4246666666666667
0.786
1.3
1.148
0.616
1.276
0.7853333333333333
1.1053333333333333
1.1986666666666668
0.754
1.0073333333333334
0.6126666666666667
0.8986666666666666
1.1413333333333333
0.8506666666666667
2.021333333333333
1.8406666666666667
2.428
2.7466666666666666
2.062666666666667
2.726
2.6346666666666665
1.9726666666666666
1.7126666666666666
3.58
1.426
2.8806666666666665
3.06
1.9946666666666666
2.9873333333333334
3.248666666666667
3.184
3.449333333333333
1.3633333333333333
1.7766666666666666
2.5113333333333334
2.294
2.2773333333333334
1.6466666666666667
2.372
3.1813333333333333
1.7206666666666666
1.9733333333333334
2.69
1.9053333333333333
4.723333333333334
3.1053333333333333
2.0753333333333335
2.7506666666666666
4.831333333333333
2.2533333333333334
1.1713333333333333
3.522
3.0613333333333332
2.356
2.796666666666667
2.9546666666666668
2.64
3.3333333333333335
2.882
2.834
3.239333333333333
3.5713333333333335
3.7226666666666666
4.368
3.2453333333333334
3.846
4.248666666666667
4.854666666666667
2.922
1.942
3.574666666666667
3.796666666666667
1.3246666666666667
3.2413333333333334
2.324
2.614
2.215333333333333
3.013333333333333
2.7706666666666666
5.298
4.05
3.1866666666666665
4.334
3.782
4.597333333333333
4.588
2.715333333333333
4.626
3.156
2.9686666666666666
5.31
3.446
3.687333333333333
4.0986666666666665
4.68
3.6786666666666665
6.4126666666666665
4.262
3.2613333333333334
3.752666666666667
4.222
5.786
4.17
3.522666666666667
4.634
2.416
7.482
5.8213333333333335
4.25
5.967333333333333
4.743333333333333
5.696
5.648666666666666
5.244666666666666
2.392
3.316
4.622
5.734
3.970666666666667
5.1066666666666665
4.772666666666667
3.316
4.662
5.774666666666667
5.754666666666667
5.58
4.47
5.598
4.784
3.212
4.8613333333333335
5.976
5.444
5.400666666666667
1.458
1.984
1.47
1.1106666666666667
1.4526666666666668
1.876
1.7466666666666666
1.014
0.7353333333333333
1.066
0.8453333333333334
1.1773333333333333
1.1833333333333333
1.846
1.6266666666666667
1.0633333333333332
0.508
1.8206666666666667
1.7106666666666666
0.9273333333333333
1.4393333333333334
0.49
1.9293333333333333
2.1233333333333335
1.118
1.6206666666666667
1.55
1.7686666666666666
1.14
1.0086666666666666
4.545333333333334
3.0726666666666667
2.8266666666666667
2.1506666666666665
3.0
1.1766666666666667
2.244666666666667
2.796
3.2133333333333334
2.972
3.95
3.392
3.8093333333333335
2.334
3.1213333333333333
2.124
3.8573333333333335
2.5526666666666666
2.664
4.183333333333334
2.8893333333333335
3.462666666666667
3.214
3.542666666666667
2.8453333333333335
3.1013333333333333
3.6326666666666667
2.712666666666667
4.156
2.392
3.6553333333333335
1.572
5.876666666666667
4.838
4.129333333333333
4.348
4.1466666666666665
5.66
3.7186666666666666
5.17
4.543333333333333
4.716666666666667
3.771333333333333
3.912
3.5486666666666666
3.171333333333333
3.636
5.278
4.795333333333334
4.236
3.982
6.062666666666667
5.165333333333334
4.999333333333333
3.9086666666666665
4.859333333333334
3.3733333333333335
4.33
6.196666666666666
3.936
6.368
4.437333333333333
6.1786666666666665
4.535333333333333
4.031333333333333
6.857333333333333
4.455333333333333
5.131333333333333
4.778
7.825333333333333
3.53
5.273333333333333
4.676666666666667
4.388
4.811333333333334
3.684
5.118666666666667
2.592
4.6226666666666665
4.894666666666667
5.672666666666666
7.558
4.333333333333333
5.44
6.438
3.298
5.646
5.13
4.161333333333333
5.795333333333334
7.406666666666666
5.253333333333333
5.161333333333333
5.838
4.283333333333333
4.656666666666666
4.865333333333333
6.525333333333333
6.240666666666667
6.962
6.0633333333333335
4.054
6.858
4.672
5.683333333333334
4.750666666666667
7.496666666666667
4.287333333333334
6.442666666666667
3.952
7.112666666666667
6.258
5.3886666666666665
6.312
4.432
8.200666666666667
7.544666666666667
4.788666666666667
7.946
6.535333333333333
1.19
1.062
1.4293333333333333
0.8493333333333334
1.6386666666666667
1.3666666666666667
1.0826666666666667
2.0453333333333332
1.8706666666666667
1.6833333333333333
1.7313333333333334
0.698
1.4773333333333334
1.17
2.2933333333333334
2.282
1.4053333333333333
1.01
0.7906666666666666
1.6286666666666667
1.4166666666666667
1.32
1.7653333333333334
1.6626666666666667
1.4686666666666666
1.394
1.412
1.3286666666666667
2.2546666666666666
1.9913333333333334
5.746
4.02
3.038666666666667
3.502666666666667
3.4953333333333334
1.8573333333333333
3.550666666666667
5.121333333333333
3.9513333333333334
4.229333333333333
2.464
3.494666666666667
1.6673333333333333
2.4926666666666666
3.992
2.376
4.806
4.682
4.022666666666667
3.2733333333333334
3.4313333333333333
5.287333333333334
2.8793333333333333
3.8746666666666667
3.005333333333333
2.6233333333333335
2.856
2.548
3.2666666666666666
2.784666666666667
6.843333333333334
4.254666666666667
5.94
5.398
5.798666666666667
3.038666666666667
5.981333333333334
7.801333333333333
5.226666666666667
6.101333333333334
3.4273333333333333
3.5
5.838666666666667
5.314666666666667
3.832666666666667
5.8213333333333335
5.3693333333333335
4.7973333333333334
5.798666666666667
3.978666666666667
3.1246666666666667
5.138
7.311333333333334
4.759333333333333
2.776
6.674666666666667
4.6193333333333335
5.539333333333333
4.794666666666667
5.665333333333334
6.3966666666666665
7.477333333333333
4.716
5.15
7.543333333333333
6.582
7.169333333333333
3.4033333333333333
4.4013333333333335
7.9013333333333335
4.846666666666667
4.086
7.19
7.44
4.330666666666667
8.972666666666667
5.403333333333333
5.862666666666667
7.035333333333333
5.392
5.6306666666666665
7.64
4.806
4.5986666666666665
5.306
4.522666666666667
5.35
7.083333333333333
5.906666666666666
7.140666666666666
9.070666666666666
7.428
7.034666666666666
8.316
8.652
6.176
4.916
5.444
8.770666666666667
6.314
6.962666666666666
9.448
7.791333333333333
7.266666666666667
7.3453333333333335
6.834666666666666
9.848
5.928
6.87
6.195333333333333
5.232666666666667
7.05
7.386
7.483333333333333
7.54
5.157333333333334
8.238
6.998666666666667
4.988666666666667
5.71
