1.2046666666666668
1.0933333333333333
2.0113333333333334
1.508
1.9993333333333334
1.9793333333333334
2.033333333333333
2.5153333333333334
1.8186666666666667
1.6733333333333333
2.814
1.5666666666666667
0.9246666666666666
2.224666666666667
1.4393333333333334
1.9146666666666667
1.8526666666666667
2.4
2.2306666666666666
2.968
2.1373333333333333
1.9473333333333334
1.7506666666666666
1.824
1.976
1.0973333333333333
2.346
1.2966666666666666
1.8866666666666667
1.9
4.846
6.688666666666666
5.196666666666666
5.060666666666667
5.57
4.3293333333333335
4.8406666666666665
3.362
4.645333333333333
5.750666666666667
6.045333333333334
5.212
6.241333333333333
6.272
5.1386666666666665
4.867333333333334
5.708666666666667
5.925333333333334
4.384
5.344
4.758666666666667
6.147333333333333
4.755333333333334
4.761333333333333
3.8506666666666667
3.212
4.295333333333334
2.882
5.766
4.558
6.688666666666666
5.924666666666667
5.882666666666666
9.714
5.66
6.204
8.540666666666667
7.25
7.917333333333334
7.622
6.178
6.75
7.318
7.8
5.642666666666667
6.274666666666667
7.904
6.652
6.386666666666667
8.282666666666668
6.094
7.858666666666666
7.574
4.314666666666667
8.557333333333334
7.471333333333333
5.452
7.573333333333333
5.842666666666666
7.4093333333333335
11.522
9.447333333333333
7.577333333333334
8.862
9.633333333333333
6.496
10.019333333333334
10.368
11.2
6.903333333333333
13.186
8.538666666666666
6.746
8.342666666666666
8.657333333333334
7.86
9.420666666666667
7.783333333333333
10.282666666666668
12.359333333333334
9.368
9.199333333333334
7.838
8.526666666666667
10.109333333333334
13.25
7.990666666666667
6.354
11.475333333333333
7.594
8.051333333333334
10.636666666666667
12.865333333333334
12.765333333333333
10.385333333333334
9.509333333333334
11.781333333333333
12.530666666666667
11.034
10.189333333333334
11.866666666666667
12.778666666666666
11.461333333333334
9.302
8.973333333333333
12.217333333333332
9.836666666666666
10.108
9.044
12.736
7.846
12.892
9.598666666666666
11.200666666666667
10.804666666666666
9.344
9.856
11.372666666666667
10.396
10.747333333333334
1.804
1.8673333333333333
1.5853333333333333
1.6653333333333333
2.294
2.5933333333333333
2.0726666666666667
2.34
1.8986666666666667
1.3026666666666666
1.4146666666666667
2.752
1.6066666666666667
1.6033333333333333
2.2013333333333334
1.6073333333333333
1.8893333333333333
2.1606666666666667
1.6293333333333333
1.0986666666666667
1.9986666666666666
1.9033333333333333
1.8766666666666667
2.4386666666666668
2.1146666666666665
1.8673333333333333
1.748
2.658
2.1033333333333335
1.5193333333333334
4.568
4.792666666666666
3.514
4.9206666666666665
5.032
5.314
6.629333333333333
5.08
4.633333333333334
5.963333333333333
3.417333333333333
4.684666666666667
6.176666666666667
4.992666666666667
6.268666666666666
5.979333333333333
5.543333333333333
6.262
5.616
5.862
5.003333333333333
4.984
5.442666666666667
5.610666666666667
4.894
4.926666666666667
6.53
5.306666666666667
5.286666666666667
4.736
7.458
7.516666666666667
8.208
7.038
6.227333333333333
9.213333333333333
5.849333333333333
7.644666666666667
6.376
7.698666666666667
6.515333333333333
8.586
9.006666666666666
6.815333333333333
8.453333333333333
9.688
7.35
9.348
6.946
6.938666666666666
8.252
6.458666666666667
7.562
8.650666666666666
7.29
6.839333333333333
6.456
6.879333333333333
7.545333333333334
6.331333333333333
9.826
12.098
9.574666666666667
8.994
9.606666666666667
9.556
8.078
7.104
9.960666666666667
10.778
12.177333333333333
8.417333333333334
7.101333333333334
9.293333333333333
8.772666666666666
10.250666666666667
11.434
10.572666666666667
11.919333333333332
8.658
9.747333333333334
10.49
8.341333333333333
9.554666666666666
9.759333333333334
10.78
9.81
9.014
8.608
5.641333333333334
10.012
14.855333333333334
10.734666666666667
16.104666666666667
10.097333333333333
10.360666666666667
10.046
12.497333333333334
11.040666666666667
10.632
12.434666666666667
11.617333333333333
13.032
9.278666666666666
12.906
13.286
14.003333333333334
15.528666666666666
9.013333333333334
13.815333333333333
10.079333333333333
10.532
11.136
11.838666666666667
12.077333333333334
11.601333333333333
10.434666666666667
9.906666666666666
12.957333333333333
12.874
2.9766666666666666
2.736666666666667
2.214
2.7866666666666666
1.932
2.9993333333333334
1.112
1.5366666666666666
2.438
2.0473333333333334
2.0353333333333334
2.9553333333333334
2.7386666666666666
2.1233333333333335
2.4166666666666665
2.6246666666666667
1.034
1.87
1.9686666666666666
2.8093333333333335
2.199333333333333
1.1806666666666668
2.488
1.9253333333333333
2.8446666666666665
2.8673333333333333
2.508
2.114
1.928
2.354
5.03
5.192666666666667
4.169333333333333
4.8373333333333335
5.255333333333334
5.256666666666667
5.061333333333334
5.296666666666667
5.730666666666667
6.744
5.006
5.8293333333333335
5.246666666666667
3.628
4.81
7.017333333333333
5.948666666666667
4.6513333333333335
6.787333333333334
5.304666666666667
4.871333333333333
5.5553333333333335
4.951333333333333
4.8773333333333335
3.11
5.078666666666667
5.1946666666666665
6.0633333333333335
5.673333333333333
5.582
6.910666666666667
6.254666666666667
7.718
8.613333333333333
10.143333333333333
8.009333333333334
7.857333333333333
8.346666666666666
7.8806666666666665
8.114666666666666
5.335333333333334
9.218666666666667
9.021333333333333
8.052
9.138
5.3806666666666665
8.104
8.828
9.332666666666666
5.842666666666666
9.431333333333333
7.685333333333333
7.954
7.5953333333333335
7.918666666666667
8.044666666666666
8.675333333333333
9.474
8.869333333333334
9.018666666666666
9.172
11.864666666666666
7.69
9.955333333333334
10.002
10.781333333333333
12.314
9.571333333333333
11.294
7.930666666666666
7.179333333333333
9.46
9.594
9.076
7.621333333333333
9.756666666666666
10.29
10.879333333333333
11.352666666666666
9.374
8.816
12.031333333333333
8.324666666666667
9.756
8.687333333333333
7.266
10.198666666666666
12.490666666666666
8.568666666666667
10.774666666666667
13.638666666666667
12.958666666666666
16.936666666666667
13.207333333333333
10.622666666666667
12.309333333333333
11.572
12.522
11.182
13.666666666666666
13.338
10.598
10.718666666666667
11.504666666666667
12.008
11.962
14.636
11.565333333333333
10.276
11.849333333333334
11.818
10.706666666666667
10.943333333333333
12.63
11.574
13.072666666666667
12.44
13.383333333333333
10.689333333333334
11.656666666666666
final array: [[3, 9, 15, 21, 27], [1.88, 5.01, 6.96, 9.23, 10.74], [1.92, 5.27, 7.5, 9.53, 11.82], [2.26, 5.26, 8.09, 9.74, 12.2]]
