1.9906666666666666
1.2673333333333334
2.574
1.534
1.9153333333333333
2.3833333333333333
2.744
1.412
1.2453333333333334
1.828
1.8366666666666667
2.366
1.3053333333333332
1.8766666666666667
1.3006666666666666
1.5493333333333332
1.9386666666666668
1.7966666666666666
1.6293333333333333
2.2046666666666668
2.1893333333333334
1.0766666666666667
0.8906666666666667
1.4633333333333334
2.1266666666666665
2.3466666666666667
1.896
1.39
1.3753333333333333
1.438
3.42
2.5673333333333335
4.479333333333333
3.594
4.168666666666667
3.9186666666666667
3.6866666666666665
1.8866666666666667
3.2006666666666668
4.132
2.3913333333333333
3.292666666666667
4.498
3.755333333333333
4.465333333333334
4.346666666666667
3.3366666666666664
3.66
4.552666666666667
3.1426666666666665
2.9526666666666666
3.396
2.968
3.962
4.554
3.5526666666666666
3.211333333333333
4.038
3.9406666666666665
2.972
5.398666666666666
4.294666666666667
6.916666666666667
5.512666666666667
4.725333333333333
4.750666666666667
4.564
5.679333333333333
5.568
3.92
4.092
4.835333333333334
4.825333333333333
3.1326666666666667
5.8453333333333335
5.716666666666667
4.593333333333334
5.1386666666666665
3.9833333333333334
5.078666666666667
3.5533333333333332
4.816
3.6433333333333335
4.632
4.647333333333333
5.15
5.3453333333333335
6.128666666666667
4.965333333333334
4.707333333333334
4.192
5.953333333333333
6.785333333333333
5.710666666666667
5.142666666666667
6.963333333333333
6.858666666666666
5.584
5.139333333333333
7.3
6.077333333333334
5.083333333333333
5.322666666666667
6.333333333333333
5.578
4.745333333333333
6.041333333333333
7.697333333333333
5.147333333333333
5.498
5.791333333333333
4.234666666666667
6.673333333333333
6.808666666666666
5.562
5.187333333333333
7.241333333333333
4.402
4.068
6.491333333333333
6.356
7.284
8.009333333333334
7.578
8.28
7.955333333333333
7.614
5.900666666666667
4.496
6.177333333333333
6.825333333333333
9.033333333333333
6.5906666666666665
7.578
5.140666666666666
8.386
6.390666666666666
8.878
5.916666666666667
5.209333333333333
7.044666666666667
6.3773333333333335
5.494
6.554666666666667
6.033333333333333
8.669333333333332
7.176666666666667
5.177333333333333
7.17
7.298
1.2553333333333334
1.5073333333333334
1.3506666666666667
1.926
1.2626666666666666
1.368
0.8646666666666667
1.4593333333333334
1.716
1.4826666666666666
1.362
1.27
2.021333333333333
1.238
1.4193333333333333
1.356
2.167333333333333
0.9313333333333333
1.1993333333333334
1.8426666666666667
1.9226666666666667
1.5433333333333332
0.6146666666666667
1.276
1.4286666666666668
1.5266666666666666
1.2993333333333332
1.2986666666666666
2.1686666666666667
2.38
3.3726666666666665
2.548
4.088
2.9993333333333334
1.724
3.494666666666667
2.9013333333333335
3.302
2.5193333333333334
3.018
2.231333333333333
3.116
3.1886666666666668
2.694
2.988
3.816666666666667
4.514666666666667
3.510666666666667
3.218
3.4686666666666666
4.163333333333333
3.5486666666666666
2.970666666666667
3.604
3.4646666666666666
4.713333333333333
3.1473333333333335
3.1766666666666667
1.912
2.6826666666666665
3.826
4.895333333333333
3.8853333333333335
5.008666666666667
3.762
5.064
5.41
3.9466666666666668
5.2973333333333334
4.464666666666667
6.058666666666666
2.7006666666666668
3.026666666666667
4.202
4.381333333333333
3.296666666666667
2.736
4.0986666666666665
4.5986666666666665
4.558666666666666
2.0846666666666667
4.1066666666666665
5.309333333333333
4.218
5.064
2.9966666666666666
4.588
3.8273333333333333
5.048666666666667
4.641333333333334
3.748666666666667
5.95
5.577333333333334
5.222666666666667
4.84
7.746666666666667
4.155333333333333
3.8833333333333333
6.0
6.206666666666667
4.842666666666666
4.559333333333333
4.671333333333333
6.293333333333333
5.16
4.834666666666666
5.206666666666667
4.277333333333333
7.011333333333333
4.596666666666667
7.509333333333333
6.652666666666667
6.412
7.779333333333334
5.521333333333334
4.831333333333333
6.3886666666666665
5.667333333333334
4.423333333333333
4.112666666666667
7.95
8.734666666666667
3.636
4.945333333333333
4.239333333333334
6.022666666666667
3.4473333333333334
5.425333333333334
6.977333333333333
5.108666666666666
5.986
4.63
6.0
8.528
7.336666666666667
6.672666666666666
8.140666666666666
7.194
4.410666666666667
7.599333333333333
6.316666666666666
8.662
7.370666666666667
7.01
5.971333333333333
5.196666666666666
6.233333333333333
6.324
6.173333333333333
6.710666666666667
1.1146666666666667
1.66
0.9846666666666667
1.3013333333333332
0.572
1.95
1.274
1.3406666666666667
1.2033333333333334
0.6986666666666667
0.816
1.5153333333333334
1.4986666666666666
0.9686666666666667
2.166
1.3026666666666666
0.3953333333333333
0.7393333333333333
1.0873333333333333
1.5606666666666666
1.5773333333333333
0.9946666666666667
0.3313333333333333
1.808
0.544
1.0213333333333334
1.2786666666666666
1.8526666666666667
2.078
1.0106666666666666
3.9593333333333334
3.3073333333333332
3.228
3.1813333333333333
3.582
2.8133333333333335
2.6546666666666665
2.1073333333333335
2.5713333333333335
1.9446666666666668
2.8293333333333335
2.0406666666666666
3.706
2.279333333333333
2.854
3.445333333333333
2.454
1.5486666666666666
3.842
1.7853333333333334
2.215333333333333
2.4606666666666666
2.1193333333333335
2.944
2.5793333333333335
2.925333333333333
2.5126666666666666
2.85
2.684
3.4753333333333334
4.114
3.1786666666666665
5.270666666666667
4.327333333333334
5.1
4.092666666666666
2.442
3.206
4.084
4.866
5.524666666666667
1.796
2.7546666666666666
2.716
4.476
4.468
4.402666666666667
5.515333333333333
4.318666666666667
3.8893333333333335
2.981333333333333
3.3586666666666667
2.8793333333333333
3.89
5.41
5.616666666666666
3.2106666666666666
2.3853333333333335
4.060666666666667
5.02
4.322666666666667
6.390666666666666
4.118
4.3773333333333335
4.8053333333333335
3.784
5.205333333333333
4.878666666666667
5.048
5.298666666666667
5.129333333333333
4.312666666666667
2.762
4.073333333333333
5.259333333333333
6.389333333333333
6.09
5.472666666666667
4.518666666666666
6.166666666666667
3.014
4.414666666666666
5.156666666666666
5.240666666666667
4.831333333333333
3.5533333333333332
4.65
4.196
4.914666666666666
5.408
5.907333333333334
7.683333333333334
6.6066666666666665
6.080666666666667
5.048666666666667
6.259333333333333
4.974
7.403333333333333
3.806
3.7706666666666666
3.260666666666667
5.3886666666666665
7.756666666666667
7.049333333333333
4.941333333333334
4.834666666666666
5.8533333333333335
4.073333333333333
4.930666666666666
6.515333333333333
3.02
4.769333333333333
6.193333333333333
6.256
6.562
5.152
4.656
4.902666666666667
4.365333333333333
4.752666666666666
final array: [[3, 9, 15, 21, 27], [1.76, 3.6, 4.87, 5.79, 6.89], [1.48, 3.2, 4.24, 5.47, 6.3], [1.22, 2.76, 3.98, 4.79, 5.43]]
