0.5806666666666667
0.766
0.43933333333333335
0.9733333333333334
0.25933333333333336
0.8753333333333333
0.5946666666666667
0.5733333333333334
0.0
0.6526666666666666
0.5633333333333334
1.3486666666666667
0.6326666666666667
0.5533333333333333
0.13933333333333334
0.5693333333333334
0.6093333333333333
1.01
0.7713333333333333
0.3873333333333333
0.8593333333333333
0.7373333333333333
0.0
0.2853333333333333
0.7553333333333333
0.2813333333333333
0.6873333333333334
0.326
0.7173333333333334
0.24266666666666667
1.2453333333333334
1.944
1.506
1.5473333333333332
0.8646666666666667
1.5786666666666667
1.8893333333333333
2.0286666666666666
1.824
1.9206666666666667
1.188
1.0973333333333333
1.9693333333333334
0.9046666666666666
1.6946666666666668
0.9506666666666667
1.6593333333333333
1.5066666666666666
1.628
0.30866666666666664
1.5013333333333334
2.1133333333333333
2.136
0.934
1.4973333333333334
1.1
0.7253333333333334
0.9813333333333333
1.3453333333333333
1.08
1.6
1.6293333333333333
2.280666666666667
1.5033333333333334
2.4033333333333333
1.776
2.1153333333333335
1.608
2.074666666666667
2.058
2.1113333333333335
2.1073333333333335
0.7946666666666666
1.6406666666666667
1.6473333333333333
2.292666666666667
1.8186666666666667
2.038666666666667
2.4186666666666667
1.7793333333333334
1.722
1.744
2.1553333333333335
0.714
1.5273333333333334
1.8833333333333333
1.1186666666666667
1.7446666666666666
1.732
0.7366666666666667
2.4486666666666665
1.6986666666666668
1.546
1.9026666666666667
2.4593333333333334
2.1406666666666667
1.9526666666666668
1.9913333333333334
2.3906666666666667
2.485333333333333
2.0473333333333334
2.1813333333333333
2.3886666666666665
1.252
2.4473333333333334
2.158
2.0446666666666666
2.4833333333333334
1.35
1.8073333333333332
1.9586666666666666
2.6453333333333333
1.6513333333333333
2.3093333333333335
2.1766666666666667
2.0886666666666667
1.5333333333333334
2.538666666666667
1.098
1.8806666666666667
1.7406666666666666
2.19
1.6086666666666667
1.7286666666666666
2.0773333333333333
1.4993333333333334
2.538
2.034666666666667
2.078
2.372
2.2226666666666666
1.8906666666666667
1.8453333333333333
2.468
1.9633333333333334
1.306
2.2293333333333334
2.2133333333333334
2.489333333333333
1.6633333333333333
1.626
1.644
1.9993333333333334
2.0686666666666667
2.3686666666666665
1.998
2.267333333333333
2.546
1.9053333333333333
1.534
0.83
1.6133333333333333
1.42
1.43
1.1726666666666667
1.3653333333333333
0.452
1.0306666666666666
0.9333333333333333
0.726
1.6146666666666667
1.2353333333333334
1.188
1.656
0.19866666666666666
1.664
0.9746666666666667
1.354
1.248
1.4033333333333333
1.3613333333333333
1.2106666666666666
2.0006666666666666
1.9326666666666668
1.27
0.864
1.802
1.5366666666666666
0.53
1.6966666666666668
1.606
2.6306666666666665
2.3713333333333333
3.219333333333333
3.4473333333333334
3.1746666666666665
2.8706666666666667
4.407333333333334
2.3513333333333333
2.6893333333333334
2.318
3.6
3.114
3.624
2.918
2.7986666666666666
2.478
2.1426666666666665
3.5533333333333332
2.6073333333333335
2.3966666666666665
2.5793333333333335
2.658
3.222
2.358
2.608
2.723333333333333
2.0866666666666664
3.33
3.1266666666666665
3.614
4.341333333333333
3.026666666666667
4.236666666666666
3.1466666666666665
3.6233333333333335
4.051333333333333
3.7533333333333334
3.5206666666666666
3.348
3.834
4.101333333333334
2.4966666666666666
4.286
3.8546666666666667
2.8913333333333333
2.834
3.796666666666667
4.394
3.4713333333333334
3.6813333333333333
4.442
2.516
4.546666666666667
3.774
3.822
3.3273333333333333
3.4466666666666668
3.187333333333333
4.964
4.623333333333333
3.818
3.926
3.6933333333333334
4.538
4.349333333333333
5.246
3.977333333333333
4.383333333333334
3.828666666666667
3.98
4.36
4.104666666666667
4.082666666666666
3.45
3.9326666666666665
3.8686666666666665
4.128666666666667
3.91
4.296666666666667
3.5073333333333334
4.803333333333334
4.026666666666666
3.8466666666666667
4.392666666666667
3.425333333333333
2.804666666666667
3.4166666666666665
2.9506666666666668
3.7586666666666666
3.2066666666666666
4.152666666666667
2.516
5.363333333333333
5.4286666666666665
4.764666666666667
5.596666666666667
3.9926666666666666
4.150666666666667
3.933333333333333
4.500666666666667
6.648
6.142
5.441333333333334
3.332
5.332
3.7173333333333334
5.229333333333333
4.13
4.601333333333334
4.368666666666667
6.433333333333334
4.852
4.215333333333334
5.0713333333333335
4.438
4.1466666666666665
3.994666666666667
3.576
5.102666666666667
1.5073333333333334
1.6066666666666667
0.9946666666666667
1.2713333333333334
1.4906666666666666
1.1173333333333333
2.2533333333333334
1.06
1.4406666666666668
1.0966666666666667
1.014
1.848
2.3693333333333335
2.1146666666666665
1.8986666666666667
2.2
1.806
2.066
1.6646666666666667
1.6553333333333333
0.956
1.4233333333333333
1.366
1.7106666666666666
2.2133333333333334
2.11
1.9706666666666666
1.81
1.632
2.010666666666667
1.7886666666666666
1.3193333333333332
2.8693333333333335
3.0366666666666666
2.9026666666666667
3.5533333333333332
4.238
4.498
2.8606666666666665
3.9513333333333334
3.748
4.160666666666667
2.7066666666666666
2.2146666666666666
4.338
4.656666666666666
3.9086666666666665
2.8906666666666667
3.728
3.5673333333333335
3.4006666666666665
3.998666666666667
3.191333333333333
2.184
4.021333333333334
4.458666666666667
4.434666666666667
2.98
3.292666666666667
3.422
3.822
4.923333333333333
3.7386666666666666
4.784666666666666
6.3406666666666665
5.2026666666666666
5.298666666666667
5.350666666666666
4.034
3.755333333333333
4.77
4.844666666666667
5.391333333333334
4.879333333333333
3.0153333333333334
4.237333333333333
4.586
3.9806666666666666
3.1633333333333336
6.012
5.875333333333334
5.488
3.6253333333333333
4.242
4.052666666666667
4.996
3.948
4.267333333333333
5.114
4.450666666666667
6.158666666666667
3.441333333333333
3.362
5.410666666666667
5.828
5.033333333333333
4.261333333333333
5.542
4.228666666666666
6.248
5.415333333333334
6.33
4.710666666666667
4.3773333333333335
5.6466666666666665
6.902
5.101333333333334
5.216
4.172666666666666
5.530666666666667
5.1306666666666665
5.473333333333334
5.042666666666666
6.677333333333333
7.144
5.865333333333333
4.916666666666667
5.339333333333333
5.919333333333333
5.412
5.69
5.454666666666666
6.792666666666666
7.189333333333333
6.35
5.526
7.588666666666667
8.05
5.6593333333333335
6.156
8.082
4.998
5.138
7.255333333333334
7.810666666666667
5.504
6.997333333333334
5.308
4.495333333333333
4.326
6.969333333333333
4.350666666666666
6.251333333333333
5.330666666666667
6.254
8.273333333333333
6.731333333333334
6.238
5.868
5.406
2.1093333333333333
1.72
1.3753333333333333
2.001333333333333
2.19
2.1373333333333333
1.7946666666666666
1.5673333333333332
1.4086666666666667
1.9346666666666668
1.7926666666666666
2.342
1.872
2.452
1.094
1.5746666666666667
1.8466666666666667
1.99
2.054
2.3413333333333335
1.7306666666666666
2.5406666666666666
2.1613333333333333
2.084
1.9686666666666666
2.1286666666666667
2.017333333333333
1.698
1.6566666666666667
3.236
3.990666666666667
3.3173333333333335
3.466
2.942
4.3933333333333335
4.015333333333333
3.497333333333333
4.0553333333333335
3.928
3.63
4.997333333333334
4.672
4.658666666666667
3.8706666666666667
4.709333333333333
4.06
2.7466666666666666
4.930666666666666
3.7013333333333334
4.088
3.782
3.358
3.4593333333333334
2.3813333333333335
4.521333333333334
3.6946666666666665
4.522
3.4953333333333334
2.978666666666667
4.292666666666666
5.166
6.542666666666666
3.775333333333333
6.323333333333333
5.3646666666666665
5.3613333333333335
6.152666666666667
5.1146666666666665
4.696666666666666
4.233333333333333
5.260666666666666
5.136666666666667
5.073333333333333
3.414
5.521333333333334
5.1113333333333335
4.36
4.632
5.294666666666667
6.15
5.312
5.142
7.1546666666666665
3.506666666666667
4.432666666666667
3.7253333333333334
4.804666666666667
3.4646666666666666
3.5446666666666666
6.621333333333333
8.388666666666667
8.118666666666666
5.886
6.054666666666667
4.258
5.902666666666667
6.448666666666667
6.306666666666667
5.787333333333334
6.674666666666667
6.292666666666666
7.114
5.250666666666667
6.683333333333334
8.458666666666666
5.17
7.528
6.168666666666667
5.285333333333333
4.519333333333333
5.780666666666667
7.844666666666667
7.716666666666667
5.381333333333333
7.915333333333334
6.275333333333333
7.966
6.884666666666667
7.501333333333333
6.720666666666666
7.982666666666667
6.8933333333333335
5.457333333333334
6.693333333333333
7.784
5.952
6.4126666666666665
4.673333333333333
8.124
6.41
7.521333333333334
7.296
6.763333333333334
7.402666666666667
6.521333333333334
6.743333333333333
8.488
6.522
5.66
7.633333333333334
9.616666666666667
6.760666666666666
4.390666666666666
7.222666666666667
7.765333333333333
6.913333333333333
8.586666666666666
7.8293333333333335
5.203333333333333
9.138666666666667
2.728
2.394
1.6753333333333333
1.87
2.0073333333333334
2.646
1.994
2.292666666666667
2.2173333333333334
2.6973333333333334
2.0126666666666666
1.9406666666666668
1.802
1.862
1.2166666666666666
2.1193333333333335
2.6653333333333333
2.7426666666666666
3.142
1.9613333333333334
2.752666666666667
1.3886666666666667
0.97
2.6553333333333335
2.3113333333333332
2.212666666666667
2.3493333333333335
2.0153333333333334
1.5606666666666666
3.469333333333333
4.106
3.8586666666666667
3.8353333333333333
5.475333333333333
3.7813333333333334
3.2733333333333334
4.288666666666667
3.716
5.731333333333334
5.224
6.005333333333334
5.28
3.622
4.357333333333333
6.787333333333334
5.330666666666667
3.1246666666666667
4.192666666666667
4.892
3.522
6.514666666666667
4.507333333333333
5.763333333333334
3.596
4.791333333333333
5.508666666666667
3.732
3.6046666666666667
4.729333333333333
5.36
4.767333333333333
6.186
6.358
5.8933333333333335
5.726666666666667
6.760666666666666
4.276
6.570666666666667
4.514
6.232
7.648666666666666
6.073333333333333
6.373333333333333
7.422
6.78
5.495333333333333
6.314
7.494666666666666
6.108
5.715333333333334
7.424666666666667
4.597333333333333
7.1193333333333335
7.260666666666666
6.422666666666666
5.915333333333334
5.042
7.794666666666667
4.919333333333333
5.992666666666667
6.205333333333333
7.466666666666667
7.354
8.203333333333333
6.220666666666666
4.350666666666666
8.074
8.202
6.991333333333333
7.488
8.725333333333333
8.164666666666667
7.8693333333333335
6.344666666666667
8.107333333333333
10.945333333333334
5.357333333333333
6.5986666666666665
7.11
8.002666666666666
6.572
7.763333333333334
9.000666666666667
9.046
6.641333333333334
5.09
5.99
5.997333333333334
8.413333333333334
8.413333333333334
7.894
8.398
7.8853333333333335
8.492666666666667
8.064666666666668
6.763333333333334
6.768
8.725333333333333
8.562
6.518
7.896
6.1386666666666665
8.864
6.54
6.3886666666666665
7.245333333333333
7.288666666666667
7.172
8.057333333333334
7.298
6.342
8.37
9.983333333333333
9.206
9.418666666666667
4.881333333333333
8.328666666666667
8.774666666666667
7.414666666666666
5.505333333333334
0.6206666666666667
0.0
0.5833333333333334
0.20933333333333334
1.0
0.678
0.134
0.252
0.8766666666666667
0.69
0.9173333333333333
0.9666666666666667
0.4666666666666667
0.6186666666666667
0.0
0.8106666666666666
0.0
0.9966666666666667
0.8526666666666667
0.11
0.584
0.2693333333333333
0.33266666666666667
1.0766666666666667
0.686
0.4673333333333333
0.7066666666666667
0.9426666666666667
0.5533333333333333
0.13466666666666666
1.0666666666666667
1.0646666666666667
1.0326666666666666
0.6866666666666666
1.3026666666666666
1.0266666666666666
1.2553333333333334
0.24466666666666667
1.8653333333333333
1.9626666666666666
0.558
1.3606666666666667
0.9366666666666666
1.596
0.6553333333333333
0.47
2.2586666666666666
1.524
1.238
1.022
0.8546666666666667
0.376
0.9793333333333333
0.9486666666666667
2.202
0.7933333333333333
0.5806666666666667
1.2206666666666666
0.39666666666666667
1.042
0.8306666666666667
1.6166666666666667
1.48
1.1726666666666667
0.6713333333333333
1.24
1.4466666666666668
0.9806666666666667
1.3313333333333333
1.4346666666666668
0.976
1.5786666666666667
2.1626666666666665
0.6593333333333333
1.8446666666666667
1.854
1.574
1.2966666666666666
1.6166666666666667
1.7793333333333334
1.4713333333333334
1.99
1.026
1.2133333333333334
1.7553333333333334
1.1886666666666668
1.648
1.6213333333333333
1.734
1.2686666666666666
0.532
2.102
1.39
2.058666666666667
1.3953333333333333
1.3433333333333333
1.9286666666666668
1.9626666666666666
1.8546666666666667
0.6866666666666666
2.2866666666666666
1.606
1.4133333333333333
1.0333333333333334
0.716
2.477333333333333
0.896
1.61
0.9273333333333333
1.2866666666666666
2.0453333333333332
2.598
1.69
2.444
1.7333333333333334
1.8466666666666667
1.8613333333333333
0.9026666666666666
2.1046666666666667
1.63
2.2046666666666668
0.6846666666666666
2.086
1.8373333333333333
0.6873333333333334
2.6573333333333333
0.732
1.8246666666666667
0.9086666666666666
1.256
1.8273333333333333
1.3793333333333333
2.022666666666667
1.3153333333333332
1.152
1.026
2.2993333333333332
1.954
1.1853333333333333
2.258
1.214
1.9546666666666668
1.408
1.152
1.3086666666666666
1.356
2.251333333333333
1.524
1.4673333333333334
2.026
1.07
0.82
1.0606666666666666
1.534
1.8233333333333333
0.6486666666666666
1.49
0.6353333333333333
1.3446666666666667
0.89
0.7
1.1313333333333333
1.3213333333333332
1.16
0.8473333333333334
1.0066666666666666
1.3566666666666667
1.0906666666666667
1.586
1.206
0.5286666666666666
1.386
0.4146666666666667
0.7626666666666667
1.3633333333333333
0.528
1.158
1.2886666666666666
1.5113333333333334
0.98
2.582
2.6266666666666665
2.2973333333333334
2.050666666666667
1.672
2.116
2.598
2.8993333333333333
1.9886666666666666
3.1653333333333333
2.994666666666667
1.6966666666666668
2.7653333333333334
2.4606666666666666
2.3606666666666665
2.78
2.251333333333333
2.864
1.6246666666666667
2.11
3.0513333333333335
1.8046666666666666
2.0
2.596
3.969333333333333
1.458
2.114
1.8366666666666667
2.324666666666667
3.6153333333333335
3.5646666666666667
2.9086666666666665
5.009333333333333
3.6206666666666667
1.87
2.8693333333333335
3.2693333333333334
2.2386666666666666
1.9826666666666666
1.9
3.4446666666666665
2.8893333333333335
2.742
3.207333333333333
3.438
3.3066666666666666
2.3946666666666667
3.626
2.848
1.8546666666666667
4.008
2.715333333333333
2.238
3.425333333333333
3.8186666666666667
2.61
4.187333333333333
2.816666666666667
1.7353333333333334
2.934
2.6153333333333335
3.2293333333333334
5.017333333333333
3.4206666666666665
2.996
3.038
2.3646666666666665
3.87
3.4013333333333335
3.498666666666667
3.806
4.091333333333333
3.4726666666666666
4.3806666666666665
4.219333333333333
2.396
3.3613333333333335
3.46
3.1766666666666667
3.2826666666666666
3.212
3.541333333333333
3.235333333333333
4.230666666666667
2.716
3.71
3.36
3.0906666666666665
3.243333333333333
3.548
4.498666666666667
2.9466666666666668
4.514666666666667
4.819333333333334
3.244666666666667
4.682666666666667
3.5693333333333332
4.640666666666666
4.894666666666667
3.0766666666666667
3.6253333333333333
4.984666666666667
5.084666666666666
2.796
4.478
3.804
3.958
3.5166666666666666
4.114
3.602
2.7146666666666666
3.4646666666666666
3.128
4.952
4.116
3.9953333333333334
4.67
3.4186666666666667
3.8806666666666665
4.586666666666667
1.7046666666666668
2.054666666666667
0.972
1.1713333333333333
1.9633333333333334
1.256
0.8113333333333334
1.3593333333333333
1.1246666666666667
1.2426666666666666
1.3566666666666667
1.6953333333333334
1.6246666666666667
1.5346666666666666
1.4833333333333334
1.1906666666666668
1.438
1.98
1.494
1.5446666666666666
1.8753333333333333
2.6413333333333333
1.6246666666666667
1.9726666666666666
1.1033333333333333
1.0786666666666667
1.3513333333333333
1.1733333333333333
1.2866666666666666
0.988
3.0713333333333335
3.2026666666666666
2.9506666666666668
2.542
4.682666666666667
3.042
3.4093333333333335
2.4606666666666666
2.662
2.72
4.696
3.404
2.916
3.470666666666667
3.441333333333333
3.8
2.2906666666666666
3.3533333333333335
3.6933333333333334
3.536
4.124666666666666
3.989333333333333
4.8773333333333335
3.174
4.358666666666666
1.732
3.0073333333333334
3.6773333333333333
2.7453333333333334
4.558666666666666
4.4526666666666666
3.6986666666666665
3.874
3.6553333333333335
3.244
3.732666666666667
3.0613333333333332
3.284
4.216666666666667
4.718666666666667
5.086
3.79
6.272666666666667
4.613333333333333
4.261333333333333
4.96
4.706
4.714666666666667
4.655333333333333
4.13
2.7453333333333334
4.4126666666666665
3.9726666666666666
4.673333333333333
4.024666666666667
2.8826666666666667
4.513333333333334
3.4273333333333333
4.476666666666667
3.9846666666666666
4.719333333333333
6.911333333333333
3.679333333333333
4.158
3.956
5.573333333333333
4.264666666666667
4.562666666666667
5.1433333333333335
5.338666666666667
4.225333333333333
5.241333333333333
3.4013333333333335
4.656666666666666
3.3846666666666665
4.848
3.9
4.318666666666667
5.121333333333333
5.982666666666667
5.641333333333334
5.006666666666667
5.148
4.728666666666666
4.786666666666667
5.075333333333333
3.8466666666666667
7.034666666666666
3.6806666666666668
3.3886666666666665
5.115333333333333
5.3966666666666665
5.614
5.668666666666667
4.187333333333333
5.922666666666666
4.461333333333333
5.269333333333333
6.811333333333334
6.223333333333334
5.388
4.934
6.316
6.942
3.72
5.664
6.8453333333333335
6.468666666666667
5.968666666666667
5.714666666666667
7.156666666666666
5.274666666666667
5.93
5.270666666666667
6.868
5.300666666666666
6.434
6.606
5.74
6.422
1.4046666666666667
1.5026666666666666
2.146
2.09
1.1066666666666667
2.4393333333333334
2.21
2.1666666666666665
2.4126666666666665
1.8546666666666667
1.594
1.924
1.008
1.9066666666666667
1.6293333333333333
1.0673333333333332
1.9866666666666666
1.8253333333333333
1.7346666666666666
1.8026666666666666
2.7293333333333334
1.0833333333333333
2.7173333333333334
1.6706666666666667
2.1166666666666667
1.7253333333333334
1.558
1.9573333333333334
2.5
1.4433333333333334
2.533333333333333
2.3866666666666667
3.812666666666667
4.371333333333333
3.8813333333333335
2.6013333333333333
5.279333333333334
2.618
3.542
3.616
3.284666666666667
4.661333333333333
2.566
2.8706666666666667
3.1966666666666668
3.2973333333333334
3.550666666666667
4.703333333333333
2.8026666666666666
3.990666666666667
3.286
3.7133333333333334
3.262
3.0206666666666666
5.205333333333333
4.982
4.101333333333334
5.0906666666666665
3.26
2.788
4.884666666666667
6.044
4.410666666666667
5.440666666666667
5.054666666666667
3.9793333333333334
5.112
5.351333333333334
4.582
5.078
4.050666666666666
5.654
4.5986666666666665
4.612
4.416666666666667
5.045333333333334
6.469333333333333
5.645333333333333
5.762666666666667
5.85
4.428
4.784666666666666
6.312
4.753333333333333
4.183333333333334
4.826
5.506666666666667
3.5006666666666666
6.518
5.968666666666667
5.246666666666667
3.8906666666666667
6.097333333333333
6.154
4.394666666666667
4.815333333333333
6.4126666666666665
5.986666666666666
6.174666666666667
8.515333333333333
6.022666666666667
5.150666666666667
5.107333333333333
4.779333333333334
5.051333333333333
5.526
5.672
4.5953333333333335
5.820666666666667
7.021333333333334
6.283333333333333
6.021333333333334
7.06
6.141333333333334
6.391333333333334
5.4013333333333335
7.722666666666667
5.900666666666667
5.092666666666666
5.912
5.560666666666667
6.583333333333333
6.445333333333333
5.562
4.746
4.437333333333333
6.281333333333333
7.694
7.812666666666667
7.399333333333334
5.460666666666667
5.760666666666666
7.088
6.866666666666666
6.648
7.624666666666666
5.716
6.8726666666666665
5.639333333333333
8.292666666666667
7.28
7.6866666666666665
8.131333333333334
8.300666666666666
6.716666666666667
7.822666666666667
5.771333333333334
7.083333333333333
4.032666666666667
5.541333333333333
2.1006666666666667
1.8246666666666667
1.7333333333333334
2.462666666666667
3.29
2.292
1.806
2.13
1.548
1.5586666666666666
2.24
3.1733333333333333
1.4726666666666666
1.6826666666666668
1.2033333333333334
2.4473333333333334
1.6726666666666667
2.984
1.5693333333333332
1.8106666666666666
2.516
2.6186666666666665
2.1353333333333335
1.4733333333333334
2.1246666666666667
1.218
1.6126666666666667
1.8206666666666667
3.298
2.6886666666666668
5.698
2.974666666666667
4.014
3.4646666666666666
6.102666666666667
3.478
3.674
3.3873333333333333
6.428
3.5533333333333332
2.2773333333333334
2.804
3.522666666666667
3.804
4.481333333333334
5.527333333333333
6.028
5.417333333333334
3.8926666666666665
5.056666666666667
4.8
5.550666666666666
5.528
4.232
4.183333333333334
3.6133333333333333
5.366
5.546
4.918
4.9526666666666666
5.415333333333334
4.158
5.3373333333333335
4.966
5.734666666666667
5.600666666666666
5.500666666666667
7.154
7.3053333333333335
5.6513333333333335
6.926666666666667
6.302
3.376
5.736
6.988666666666667
3.786
4.333333333333333
3.0313333333333334
5.928
5.710666666666667
8.334666666666667
5.959333333333333
5.931333333333333
4.018
6.176666666666667
6.04
5.224666666666667
3.1026666666666665
4.702
4.710666666666667
5.666666666666667
5.422666666666666
4.870666666666667
5.7
5.264
6.538
6.101333333333334
4.668
4.615333333333333
6.641333333333334
5.968
3.91
5.962666666666666
7.392666666666667
6.944
7.092
8.197333333333333
7.927333333333333
7.274666666666667
6.358666666666666
7.715333333333334
6.818
6.541333333333333
6.426666666666667
8.320666666666666
7.444
5.036
7.5873333333333335
5.196666666666666
6.939333333333333
10.312
5.4013333333333335
6.4526666666666666
5.0906666666666665
10.399333333333333
7.663333333333333
8.763333333333334
8.406
10.248666666666667
6.765333333333333
7.3293333333333335
4.945333333333333
7.857333333333333
8.018666666666666
9.242666666666667
8.566
7.756
8.39
8.557333333333334
7.541333333333333
7.672
6.356
9.302
7.506
6.872
5.748666666666667
7.035333333333333
8.732
6.428
6.257333333333333
1.012
0.812
0.3526666666666667
0.002
0.021333333333333333
0.6493333333333333
0.09533333333333334
0.356
0.4553333333333333
0.39866666666666667
0.112
0.5193333333333333
1.1206666666666667
0.8766666666666667
0.6566666666666666
0.846
0.36866666666666664
1.0066666666666666
0.24866666666666667
0.13733333333333334
0.7273333333333334
0.028
0.5293333333333333
0.458
1.0986666666666667
0.44266666666666665
0.812
0.718
0.38066666666666665
0.136
0.5946666666666667
1.4293333333333333
0.9013333333333333
1.004
1.384
1.3066666666666666
1.198
1.1173333333333333
1.264
0.948
0.992
0.9986666666666667
0.5633333333333334
1.2073333333333334
1.374
0.12066666666666667
0.952
0.6733333333333333
0.6753333333333333
0.8253333333333334
0.75
0.078
1.4353333333333333
1.37
0.43866666666666665
1.4126666666666667
0.516
1.512
0.41933333333333334
0.086
0.30466666666666664
1.4533333333333334
1.692
1.6806666666666668
0.364
0.7686666666666667
1.3086666666666666
0.7713333333333333
0.33066666666666666
1.0753333333333333
2.0006666666666666
0.3313333333333333
1.24
0.6046666666666667
1.5946666666666667
0.9386666666666666
0.9286666666666666
0.716
1.2553333333333334
1.2666666666666666
1.2633333333333334
1.3373333333333333
0.9046666666666666
1.8893333333333333
1.4146666666666667
0.646
1.2006666666666668
0.9646666666666667
0.9193333333333333
1.0166666666666666
0.5713333333333334
1.1193333333333333
2.062666666666667
1.6626666666666667
1.1006666666666667
0.5993333333333334
0.7446666666666667
1.8946666666666667
1.25
1.6433333333333333
2.231333333333333
1.5933333333333333
1.4966666666666666
1.0913333333333333
0.502
1.264
1.9533333333333334
1.1286666666666667
0.7093333333333334
0.512
1.6993333333333334
2.2093333333333334
1.7666666666666666
1.348
1.4346666666666668
1.28
1.7053333333333334
1.3686666666666667
1.1686666666666667
1.55
2.1566666666666667
1.3273333333333333
0.31533333333333335
1.9473333333333334
1.572
1.8826666666666667
1.194
1.7626666666666666
1.324
1.9113333333333333
1.8693333333333333
1.8606666666666667
1.3913333333333333
2.2386666666666666
1.844
2.4313333333333333
1.102
1.144
2.0353333333333334
1.3846666666666667
1.222
1.3286666666666667
2.3653333333333335
2.1633333333333336
0.8126666666666666
1.8946666666666667
1.466
1.1966666666666668
1.6466666666666667
1.7766666666666666
1.2546666666666666
1.3493333333333333
0.5493333333333333
1.3706666666666667
1.4126666666666667
1.0006666666666666
1.1513333333333333
1.492
0.8266666666666667
0.9133333333333333
0.30733333333333335
0.8246666666666667
0.9666666666666667
0.604
0.8233333333333334
0.662
0.4826666666666667
1.204
1.442
0.492
0.79
1.596
1.0066666666666666
0.41533333333333333
0.886
0.8966666666666666
1.26
1.374
1.6113333333333333
1.0233333333333334
2.3093333333333335
1.842
2.288666666666667
1.832
2.662
1.706
1.72
2.296
2.203333333333333
2.358
2.292666666666667
2.7466666666666666
1.8293333333333333
2.482
1.806
1.6833333333333333
2.025333333333333
2.300666666666667
1.078
3.168
2.0933333333333333
1.8626666666666667
2.509333333333333
2.37
2.4673333333333334
2.1946666666666665
2.046666666666667
1.3246666666666667
1.856
2.437333333333333
3.1253333333333333
2.004
3.2066666666666666
3.054
3.1746666666666665
3.473333333333333
1.5273333333333334
2.656
3.183333333333333
3.398
2.804666666666667
3.4306666666666668
2.6373333333333333
2.3933333333333335
3.231333333333333
3.046
2.522
3.449333333333333
3.0793333333333335
2.238
3.227333333333333
3.224
2.1493333333333333
4.318
3.3193333333333332
3.6053333333333333
4.1513333333333335
2.8653333333333335
3.2973333333333334
3.0513333333333335
2.3886666666666665
2.208
4.1033333333333335
4.258666666666667
2.574
3.1426666666666665
3.71
3.3333333333333335
2.5446666666666666
2.724666666666667
4.036
2.7013333333333334
3.74
3.142
2.626
4.374
4.671333333333333
3.6253333333333333
4.6226666666666665
3.5473333333333334
2.0353333333333334
3.517333333333333
2.8833333333333333
2.953333333333333
3.33
4.328666666666667
3.332
2.6406666666666667
4.667333333333334
3.702
3.2786666666666666
2.5906666666666665
4.3533333333333335
2.7946666666666666
4.8406666666666665
5.198666666666667
1.6913333333333334
2.296666666666667
4.228
3.767333333333333
2.84
3.308
4.498666666666667
2.470666666666667
2.6533333333333333
1.6286666666666667
2.502666666666667
3.4766666666666666
3.308666666666667
3.0886666666666667
5.279333333333334
4.048
3.882
2.772666666666667
3.7146666666666666
4.770666666666667
2.3013333333333335
2.747333333333333
3.042666666666667
2.968
0.952
0.382
1.4
1.032
1.0793333333333333
0.604
1.4
1.1753333333333333
1.506
0.594
1.278
1.8846666666666667
1.9513333333333334
1.6233333333333333
1.9346666666666668
1.6573333333333333
1.2146666666666666
1.8193333333333332
1.2253333333333334
1.304
1.526
1.612
1.8546666666666667
1.226
1.268
1.6433333333333333
1.0673333333333332
1.8346666666666667
1.444
1.278
2.74
2.438
3.062
3.1506666666666665
3.167333333333333
3.2973333333333334
2.748
4.204
2.1213333333333333
2.8526666666666665
2.192
3.832
2.9273333333333333
1.8926666666666667
2.978
4.024
2.706
2.08
2.1053333333333333
2.1033333333333335
3.8606666666666665
2.146
3.092
3.0286666666666666
4.414
3.1546666666666665
1.5286666666666666
2.6166666666666667
2.124
3.3433333333333333
3.6546666666666665
3.488
3.372
1.7046666666666668
4.599333333333333
3.7906666666666666
2.408
4.557333333333333
2.934
3.51
2.814
2.8953333333333333
4.140666666666666
6.124
3.1253333333333333
2.667333333333333
4.156
3.554
3.054666666666667
4.781333333333333
4.291333333333333
5.37
3.8593333333333333
4.524666666666667
3.1226666666666665
4.809333333333333
4.192
3.4146666666666667
3.242
2.8113333333333332
3.882
3.3353333333333333
6.113333333333333
5.588666666666667
2.4926666666666666
5.6273333333333335
3.6906666666666665
5.8853333333333335
4.5553333333333335
6.504
5.035333333333333
3.9093333333333335
3.986666666666667
2.468
3.8986666666666667
2.473333333333333
3.744
6.017333333333333
3.832666666666667
5.01
2.8933333333333335
6.216
3.042666666666667
4.6866666666666665
4.102666666666667
5.429333333333333
4.842
4.445333333333333
6.104
2.158
4.866
4.779333333333334
2.712
5.504666666666667
4.798
4.549333333333333
6.1193333333333335
4.509333333333333
5.86
5.976
5.344666666666667
5.346666666666667
5.318666666666667
5.82
3.458
4.656666666666666
3.6626666666666665
4.214
6.094666666666667
6.734
6.31
5.373333333333333
5.771333333333334
5.230666666666667
5.558
5.833333333333333
4.594
4.342666666666666
4.576666666666667
4.9093333333333335
1.6593333333333333
1.7653333333333334
1.8506666666666667
1.4733333333333334
1.4493333333333334
1.6353333333333333
1.5073333333333334
2.4046666666666665
1.39
0.78
1.7326666666666666
1.662
2.215333333333333
1.8686666666666667
1.8893333333333333
1.5173333333333334
1.1333333333333333
1.57
2.0006666666666666
1.64
1.6846666666666668
0.9573333333333334
1.9686666666666666
1.348
1.6266666666666667
1.6933333333333334
2.278
0.8853333333333333
1.4253333333333333
1.8433333333333333
2.388
3.1893333333333334
3.320666666666667
3.912
4.494666666666666
3.1646666666666667
3.146
3.1973333333333334
4.902666666666667
2.524
4.15
2.616
4.13
3.782
4.628666666666667
3.187333333333333
2.715333333333333
3.0406666666666666
2.2013333333333334
3.224
4.148
2.425333333333333
2.808666666666667
3.720666666666667
4.378
4.024
2.8173333333333335
3.1813333333333333
4.755333333333334
1.888
5.442
6.032
3.7306666666666666
2.5193333333333334
3.0366666666666666
5.235333333333333
3.316666666666667
6.3406666666666665
3.9266666666666667
5.773333333333333
4.538666666666667
4.978
5.256
5.68
2.7813333333333334
4.559333333333333
4.807333333333333
3.0193333333333334
4.113333333333333
5.444
3.264
4.228
4.98
3.4246666666666665
3.888
5.01
5.721333333333333
3.5686666666666667
4.597333333333333
4.153333333333333
6.934666666666667
6.722666666666667
4.383333333333334
5.478666666666666
5.522
4.381333333333333
7.521333333333334
4.722
5.264
6.0713333333333335
5.997333333333334
4.156
3.554666666666667
6.180666666666666
5.116666666666666
3.592
6.522666666666667
6.25
6.913333333333333
4.274
6.522666666666667
4.235333333333333
5.184666666666667
5.399333333333334
5.502666666666666
5.562
4.371333333333333
5.3133333333333335
4.716
4.548
7.987333333333333
6.46
6.988666666666667
5.479333333333333
6.042
6.713333333333333
6.800666666666666
4.564666666666667
7.532
4.322666666666667
6.8966666666666665
8.788666666666666
5.454
5.018
7.282
4.138
6.332666666666666
6.76
4.3886666666666665
8.902
6.1626666666666665
6.8133333333333335
5.962
6.844
7.542666666666666
6.641333333333334
7.408
4.81
6.422
5.613333333333333
1.8713333333333333
2.9093333333333335
2.074666666666667
1.6666666666666667
1.9126666666666667
1.6893333333333334
1.6246666666666667
2.0953333333333335
1.8413333333333333
2.0113333333333334
2.243333333333333
2.542
2.268
0.9866666666666667
1.8273333333333333
1.2113333333333334
1.956
2.4193333333333333
1.456
1.38
1.5246666666666666
2.088
1.6126666666666667
1.8473333333333333
1.4366666666666668
1.0906666666666667
1.928
2.606
1.8406666666666667
2.0486666666666666
4.756
2.8306666666666667
5.096666666666667
2.678
5.472
3.818
3.5353333333333334
3.695333333333333
2.37
2.724666666666667
3.234
3.756666666666667
4.149333333333334
3.272666666666667
3.734
3.6813333333333333
4.904
3.4166666666666665
4.682666666666667
5.1433333333333335
3.8293333333333335
4.133333333333334
2.9726666666666666
3.510666666666667
4.742666666666667
3.4193333333333333
3.6086666666666667
4.056
2.374
3.7986666666666666
2.0193333333333334
4.125333333333334
4.038666666666667
4.933333333333334
4.676666666666667
5.258666666666667
4.772666666666667
5.057333333333333
5.649333333333334
6.168
6.495333333333333
5.366666666666666
5.776
5.133333333333334
5.833333333333333
7.749333333333333
7.776
5.939333333333333
7.403333333333333
6.692666666666667
3.8093333333333335
3.0986666666666665
7.005333333333334
4.97
4.182666666666667
3.686
4.169333333333333
5.588666666666667
6.465333333333334
5.091333333333333
6.487333333333333
5.726
7.608
7.426666666666667
5.708666666666667
5.902
6.418666666666667
7.236666666666666
6.610666666666667
4.756666666666667
8.77
8.803333333333333
8.482666666666667
5.506666666666667
5.122
4.445333333333333
4.683333333333334
4.944
7.4
8.323333333333334
8.048
6.657333333333334
5.764
4.907333333333334
5.354
7.727333333333333
6.005333333333334
7.6706666666666665
3.7506666666666666
6.516
9.107333333333333
8.111333333333333
7.293333333333333
7.985333333333333
5.993333333333333
6.819333333333334
7.37
8.445333333333334
5.540666666666667
5.872
5.734
5.824
7.339333333333333
7.730666666666667
6.215333333333334
8.516666666666667
4.08
4.726
6.604666666666667
8.937333333333333
7.192666666666667
6.243333333333333
6.312
8.342
5.9526666666666666
5.433333333333334
10.073333333333334
4.408666666666667
7.192666666666667
8.553333333333333
0.504
0.17066666666666666
0.166
0.3466666666666667
0.6833333333333333
0.8793333333333333
0.41733333333333333
0.07066666666666667
0.22866666666666666
0.6433333333333333
0.7206666666666667
0.392
0.5533333333333333
0.18533333333333332
0.16
0.2793333333333333
0.5773333333333334
0.20466666666666666
0.812
0.312
0.1
0.524
0.4653333333333333
0.6193333333333333
0.14866666666666667
0.010666666666666666
0.19133333333333333
0.6233333333333333
0.13066666666666665
0.0
0.7526666666666667
0.18533333333333332
0.214
0.6153333333333333
0.44133333333333336
0.332
1.5666666666666667
0.050666666666666665
0.3353333333333333
1.1106666666666667
0.542
0.17333333333333334
0.22733333333333333
0.6446666666666667
0.9233333333333333
1.1373333333333333
0.42533333333333334
1.162
1.2226666666666666
0.4013333333333333
0.284
1.0213333333333334
0.29
1.4906666666666666
1.144
1.734
0.36466666666666664
0.37933333333333336
0.14533333333333334
1.6053333333333333
0.9393333333333334
0.496
0.8373333333333334
0.30333333333333334
0.6106666666666667
0.49266666666666664
0.19
1.1753333333333333
0.6526666666666666
0.332
0.9393333333333334
1.0706666666666667
1.3206666666666667
0.7693333333333333
0.614
1.1406666666666667
0.616
1.7733333333333334
0.6266666666666667
1.1273333333333333
1.0233333333333334
0.928
0.5233333333333333
1.324
1.7166666666666666
1.5433333333333332
0.6246666666666667
0.22933333333333333
1.8933333333333333
0.4766666666666667
1.164
1.128
1.446
0.9733333333333334
0.7646666666666667
0.8873333333333333
1.358
0.122
0.9773333333333334
1.1773333333333333
1.2766666666666666
1.4486666666666668
1.4193333333333333
0.4106666666666667
1.2286666666666666
1.1106666666666667
0.7746666666666666
0.6146666666666667
0.9033333333333333
1.6106666666666667
1.2473333333333334
1.218
0.5453333333333333
0.63
1.4953333333333334
0.906
0.7846666666666666
0.4066666666666667
0.5493333333333333
1.3693333333333333
1.0473333333333332
1.1993333333333334
0.432
0.9366666666666666
0.9746666666666667
0.28933333333333333
1.736
1.6
2.132
1.7406666666666666
1.6353333333333333
0.404
1.266
1.8533333333333333
1.2833333333333334
2.1533333333333333
0.6166666666666667
1.9086666666666667
1.158
0.426
1.1706666666666667
1.6026666666666667
1.9953333333333334
1.5733333333333333
1.5406666666666666
1.1686666666666667
1.5093333333333334
0.8126666666666666
1.5966666666666667
0.44133333333333336
0.8906666666666667
0.9453333333333334
0.5306666666666666
0.7966666666666666
0.24466666666666667
0.79
1.1486666666666667
0.8513333333333334
0.85
0.882
0.14133333333333334
1.184
0.4573333333333333
1.5786666666666667
0.728
1.2433333333333334
0.24533333333333332
0.9753333333333334
0.6813333333333333
0.476
0.564
0.7266666666666667
0.6613333333333333
0.7853333333333333
1.1426666666666667
0.4746666666666667
0.6193333333333333
1.258
1.1013333333333333
1.284
1.9433333333333334
1.6686666666666667
1.5786666666666667
0.8086666666666666
2.0773333333333333
1.4046666666666667
1.8446666666666667
1.6573333333333333
1.8966666666666667
1.8933333333333333
0.926
1.2926666666666666
1.376
1.1433333333333333
1.1093333333333333
1.5953333333333333
1.7433333333333334
2.37
1.7253333333333334
2.2466666666666666
2.0833333333333335
1.6686666666666667
1.7406666666666666
2.444
2.2306666666666666
2.7506666666666666
1.6573333333333333
1.468
1.3393333333333333
2.22
3.8906666666666667
2.998666666666667
2.279333333333333
3.182
1.3946666666666667
2.126
1.3046666666666666
1.4833333333333334
1.4086666666666667
2.1546666666666665
1.7766666666666666
2.1153333333333335
3.6733333333333333
2.2253333333333334
1.7733333333333334
2.8613333333333335
1.7426666666666666
3.044
1.4226666666666667
1.046
1.7366666666666666
2.206
3.466
2.664
0.8346666666666667
2.3253333333333335
2.4286666666666665
1.6473333333333333
3.32
1.4146666666666667
1.8986666666666667
3.306
3.1
2.612
2.0673333333333335
3.941333333333333
2.244
3.81
2.41
2.259333333333333
2.8406666666666665
3.235333333333333
2.66
2.626
3.1626666666666665
2.255333333333333
2.925333333333333
1.5793333333333333
2.0846666666666667
1.4433333333333334
3.662
3.8606666666666665
1.9853333333333334
1.3626666666666667
3.1533333333333333
2.526
3.156
3.106
1.6266666666666667
2.148
2.5493333333333332
2.708666666666667
2.235333333333333
3.846
2.7546666666666666
3.86
3.432
3.255333333333333
4.014666666666667
4.196666666666666
3.1133333333333333
4.122
3.09
1.748
2.1966666666666668
4.491333333333333
3.2306666666666666
2.844
2.526
4.268
3.9186666666666667
3.195333333333333
1.062
3.472
3.814
1.8346666666666667
3.1393333333333335
3.17
3.0653333333333332
3.1406666666666667
1.4113333333333333
1.1886666666666668
1.2993333333333332
1.6106666666666667
0.8766666666666667
0.39866666666666667
1.186
0.9186666666666666
0.9046666666666666
1.1033333333333333
0.436
1.26
1.618
1.2306666666666666
1.476
1.1913333333333334
1.5393333333333334
1.5013333333333334
0.5433333333333333
1.6426666666666667
1.372
1.2286666666666666
1.4946666666666666
0.996
1.546
0.6526666666666666
1.2926666666666666
1.572
0.9146666666666666
1.1746666666666667
1.698
1.6633333333333333
1.8973333333333333
3.534
1.3473333333333333
2.175333333333333
2.5573333333333332
1.4806666666666666
2.6033333333333335
2.997333333333333
1.8026666666666666
1.2733333333333334
2.247333333333333
2.768
2.0813333333333333
1.7266666666666666
2.9966666666666666
2.744666666666667
1.3406666666666667
2.33
2.4266666666666667
3.712
1.772
2.5313333333333334
3.021333333333333
1.7726666666666666
3.2386666666666666
1.8253333333333333
1.684
0.8126666666666666
3.19
3.8733333333333335
2.29
2.974
4.276666666666666
4.364
1.906
2.4426666666666668
5.126
4.056666666666667
1.642
3.3853333333333335
3.1393333333333335
1.7586666666666666
2.1566666666666667
4.258666666666667
2.7146666666666666
4.24
4.315333333333333
2.0613333333333332
3.4013333333333335
3.14
3.646
4.548666666666667
3.282
2.582
3.774
3.048
2.2993333333333332
2.9206666666666665
3.3946666666666667
5.29
3.642
5.271333333333334
5.2
3.2
3.694
3.4913333333333334
5.550666666666666
5.036666666666667
3.9046666666666665
5.207333333333334
2.798
2.9546666666666668
4.760666666666666
4.101333333333334
3.03
3.6426666666666665
4.0
3.06
6.625333333333334
5.421333333333333
4.844
3.8313333333333333
3.996
4.210666666666667
2.858
4.040666666666667
4.350666666666666
4.175333333333334
5.71
4.631333333333333
4.433333333333334
3.5953333333333335
4.846
3.328
5.109333333333334
4.06
4.711333333333333
2.5553333333333335
6.068
4.584666666666666
4.066
6.002
4.661333333333333
2.304666666666667
3.8093333333333335
3.8506666666666667
5.12
6.445333333333333
3.3533333333333335
3.736
4.286666666666667
2.9386666666666668
4.185333333333333
3.6466666666666665
3.5006666666666666
4.22
3.986666666666667
4.616666666666666
2.421333333333333
1.678
1.018
1.846
1.6413333333333333
1.0066666666666666
0.6226666666666667
1.3413333333333333
1.16
1.1706666666666667
1.102
1.5653333333333332
1.4686666666666666
1.0653333333333332
1.5306666666666666
1.9906666666666666
0.9313333333333333
1.1053333333333333
1.9313333333333333
0.9933333333333333
1.184
1.4193333333333333
1.4826666666666666
1.242
1.842
1.1953333333333334
1.2366666666666666
0.7466666666666667
2.31
1.338
2.1166666666666667
2.5153333333333334
2.788
3.1
2.453333333333333
3.5233333333333334
2.002666666666667
2.240666666666667
3.779333333333333
3.6353333333333335
2.91
2.626
3.6146666666666665
4.233333333333333
2.945333333333333
3.26
2.948
2.1013333333333333
3.1433333333333335
2.496
2.498
3.510666666666667
1.9186666666666667
4.724
3.0753333333333335
3.372
1.4013333333333333
3.3606666666666665
3.3973333333333335
1.2933333333333332
3.208
3.0833333333333335
4.156666666666666
3.3846666666666665
5.234
3.358
4.631333333333333
4.932
3.9766666666666666
4.762
1.8873333333333333
3.712666666666667
4.789333333333333
3.9186666666666667
3.3813333333333335
4.268666666666666
2.8053333333333335
4.79
3.36
4.665333333333334
3.759333333333333
4.085333333333334
3.028
4.8533333333333335
4.532666666666667
3.09
3.954
4.302
4.1866666666666665
5.661333333333333
4.466
5.938
4.104666666666667
5.922
4.058666666666666
4.508
4.847333333333333
5.983333333333333
4.208666666666667
4.941333333333334
5.548
4.911333333333333
4.158666666666667
5.886
6.657333333333334
6.712666666666666
4.824
4.948
7.258666666666667
4.432
6.644
3.3813333333333335
5.352666666666667
4.289333333333333
4.067333333333333
6.402666666666667
2.942
5.056666666666667
5.574
4.8806666666666665
5.324
4.408666666666667
4.578666666666667
4.578
3.283333333333333
5.36
4.740666666666667
6.254666666666667
6.502666666666666
5.548
6.249333333333333
7.092666666666666
6.99
5.602
4.5633333333333335
4.744666666666666
6.968666666666667
3.788
5.190666666666667
6.894666666666667
5.247333333333334
5.213333333333333
8.342
6.318666666666667
4.935333333333333
4.955333333333333
8.617333333333333
4.082
6.331333333333333
7.787333333333334
1.946
1.7466666666666666
1.3053333333333332
1.602
1.4666666666666666
1.3233333333333333
2.8733333333333335
1.3746666666666667
1.5813333333333333
1.344
2.0773333333333333
1.3493333333333333
1.014
1.3546666666666667
1.6226666666666667
0.6433333333333333
1.3693333333333333
1.122
1.45
1.8633333333333333
2.7506666666666666
1.56
1.3166666666666667
1.5593333333333332
1.566
1.9546666666666668
1.804
1.318
1.0633333333333332
1.356
2.6433333333333335
4.747333333333334
3.3186666666666667
2.4186666666666667
3.9966666666666666
4.448666666666667
1.8326666666666667
5.724666666666667
4.536
2.772
3.2586666666666666
3.5446666666666666
4.687333333333333
2.1426666666666665
3.252666666666667
2.784666666666667
4.424666666666667
3.6113333333333335
2.8973333333333335
4.8373333333333335
4.772666666666667
2.9633333333333334
2.458
3.82
3.2893333333333334
2.3906666666666667
2.978666666666667
2.08
4.021333333333334
4.596
5.191333333333334
2.1006666666666667
4.886
4.836
6.978
4.581333333333333
4.406
2.65
4.667333333333334
5.642666666666667
3.2186666666666666
2.628
6.835333333333334
5.082
3.176
4.104
5.470666666666666
4.249333333333333
5.253333333333333
4.716666666666667
3.6686666666666667
2.8013333333333335
6.472
3.006
5.46
4.947333333333333
3.792666666666667
6.260666666666666
3.320666666666667
6.67
5.298666666666667
7.442666666666667
4.578
6.838666666666667
5.6706666666666665
5.444
4.320666666666667
3.924
5.762666666666667
5.226666666666667
4.410666666666667
4.653333333333333
7.855333333333333
6.1146666666666665
8.272
7.447333333333333
5.978
5.574666666666666
3.804666666666667
4.194
4.231333333333334
3.5846666666666667
6.158
3.3406666666666665
5.254
5.975333333333333
4.922
5.752666666666666
5.637333333333333
6.25
3.6313333333333335
5.456
8.271333333333333
6.028666666666667
6.847333333333333
7.742
4.6306666666666665
6.733333333333333
8.003333333333334
6.054666666666667
9.100666666666667
6.285333333333333
6.216666666666667
6.078
4.890666666666666
7.704666666666666
6.5713333333333335
6.06
7.871333333333333
4.3486666666666665
5.05
7.863333333333333
9.001333333333333
3.34
6.640666666666666
5.021333333333334
7.168
6.028666666666667
3.1046666666666667
8.654
