0.398
0.934
0.376
0.72
0.0
0.928
0.9826666666666667
0.37533333333333335
0.33
1.8006666666666666
0.37733333333333335
0.8933333333333333
0.6433333333333333
0.9
0.0
1.4886666666666666
1.618
1.8766666666666667
1.2713333333333334
0.4093333333333333
0.956
1.2913333333333334
0.918
0.5673333333333334
0.23466666666666666
0.3566666666666667
0.978
0.962
1.3373333333333333
1.1613333333333333
1.3266666666666667
1.898
0.5573333333333333
0.67
2.406
2.8026666666666666
1.712
2.1226666666666665
1.1406666666666667
2.2373333333333334
0.5173333333333333
1.2153333333333334
2.046
1.6573333333333333
0.5493333333333333
1.9173333333333333
2.056
1.5233333333333334
2.8446666666666665
2.3566666666666665
2.1846666666666668
1.996
1.014
0.852
1.4493333333333334
1.7706666666666666
1.656
1.0586666666666666
1.448
0.9073333333333333
1.8486666666666667
2.5833333333333335
1.3753333333333333
2.1513333333333335
2.146
2.708666666666667
2.768666666666667
1.582
1.4406666666666668
2.3426666666666667
1.93
2.2046666666666668
2.5753333333333335
2.236
1.3113333333333332
1.6673333333333333
1.0653333333333332
1.6986666666666668
2.7133333333333334
1.666
1.948
2.7546666666666666
2.228
1.5546666666666666
1.6953333333333334
2.7893333333333334
2.054
1.944
2.2786666666666666
1.206
1.914
1.9593333333333334
2.8566666666666665
1.5413333333333334
1.7313333333333334
2.1353333333333335
1.1206666666666667
2.78
2.056
2.158
1.02
1.872
2.024
2.812
2.1286666666666667
2.406
1.9833333333333334
1.3373333333333333
2.3533333333333335
1.78
2.7986666666666666
1.86
2.582
1.964
2.1386666666666665
1.2606666666666666
2.802
2.0926666666666667
2.2026666666666666
2.216
1.6833333333333333
1.4953333333333334
2.46
2.0806666666666667
2.1333333333333333
2.3493333333333335
1.918
2.6253333333333333
2.562
2.708666666666667
1.9946666666666666
2.3766666666666665
2.67
1.5213333333333334
2.1093333333333333
2.013333333333333
2.648
1.694
2.804
2.0433333333333334
1.8313333333333333
2.6213333333333333
2.8466666666666667
2.624
2.7093333333333334
2.8713333333333333
2.458666666666667
2.279333333333333
2.8406666666666665
2.8173333333333335
1.1406666666666667
2.0206666666666666
1.3926666666666667
1.9853333333333334
1.6833333333333333
1.658
1.8113333333333332
1.808
0.9006666666666666
1.5473333333333332
1.55
1.8673333333333333
1.97
1.784
1.574
0.9446666666666667
0.9013333333333333
1.8813333333333333
1.6346666666666667
1.0053333333333334
1.836
0.9866666666666667
0.9973333333333333
0.9533333333333334
1.8746666666666667
2.0
0.7226666666666667
1.996
1.6193333333333333
1.1573333333333333
3.1593333333333335
2.7706666666666666
3.176
2.6
4.1066666666666665
4.589333333333333
3.732666666666667
2.5673333333333335
4.1546666666666665
2.998666666666667
2.1513333333333335
2.9106666666666667
1.6606666666666667
2.564
2.727333333333333
3.0953333333333335
3.006666666666667
2.4913333333333334
2.529333333333333
3.6606666666666667
2.1306666666666665
2.974
3.1646666666666667
4.271333333333334
3.0773333333333333
2.6066666666666665
3.0913333333333335
2.8473333333333333
2.9326666666666665
2.8533333333333335
3.490666666666667
4.397333333333333
6.121333333333333
5.762666666666667
3.054666666666667
4.112
4.118666666666667
2.6746666666666665
3.4346666666666668
3.0913333333333335
4.583333333333333
2.4726666666666666
4.395333333333333
3.9806666666666666
2.755333333333333
3.711333333333333
5.253333333333333
3.548
4.758
4.2
2.3866666666666667
4.888
3.271333333333333
3.0326666666666666
3.1326666666666667
3.3933333333333335
3.498
4.763333333333334
3.194
3.9046666666666665
4.059333333333333
4.506
4.804
3.708666666666667
6.564666666666667
4.784666666666666
4.036
5.572
3.32
4.828666666666667
5.512666666666667
4.753333333333333
4.745333333333333
3.788666666666667
4.9093333333333335
3.628
5.844666666666667
5.5713333333333335
4.324
3.506
4.062666666666667
4.672666666666666
3.062666666666667
3.030666666666667
4.578666666666667
4.045333333333334
4.512666666666667
4.290666666666667
2.7493333333333334
5.166
5.208
4.604666666666667
6.084
5.160666666666667
4.6706666666666665
5.333333333333333
4.808666666666666
3.6853333333333333
4.285333333333333
5.6866666666666665
4.202
4.575333333333333
4.504666666666667
3.687333333333333
4.062
3.2293333333333334
4.124
4.711333333333333
3.618
4.248666666666667
5.256666666666667
4.2973333333333334
4.72
6.905333333333333
6.286
4.545333333333334
6.01
5.788
5.751333333333333
3.5653333333333332
1.5546666666666666
1.4193333333333333
2.014666666666667
1.3293333333333333
1.1413333333333333
0.8413333333333334
1.992
1.2026666666666668
2.3573333333333335
1.8426666666666667
2.0573333333333332
1.9006666666666667
2.362
1.646
2.3553333333333333
1.268
1.0853333333333333
0.9046666666666666
1.9933333333333334
2.062666666666667
1.7186666666666666
1.1913333333333334
0.996
1.6886666666666668
1.1993333333333334
1.1493333333333333
1.9913333333333334
1.98
1.9753333333333334
1.838
4.092
3.096
3.4326666666666665
3.1206666666666667
2.671333333333333
2.7866666666666666
2.8313333333333333
3.1886666666666668
2.77
4.413333333333333
5.648
3.618
4.289333333333333
3.79
2.462666666666667
3.8693333333333335
4.040666666666667
4.987333333333333
4.039333333333333
3.2306666666666666
4.060666666666667
3.457333333333333
4.660666666666667
4.809333333333333
4.028666666666667
4.832666666666666
3.4593333333333334
4.474666666666667
3.486
3.1586666666666665
4.411333333333333
4.792666666666666
6.584
4.276
3.3073333333333332
6.432666666666667
4.908666666666667
4.642
6.068
5.020666666666667
5.5986666666666665
3.6333333333333333
3.788666666666667
4.3773333333333335
4.002666666666666
5.347333333333333
4.438
4.900666666666667
3.8113333333333332
3.9093333333333335
4.534666666666666
4.183333333333334
4.988
3.456
4.98
4.144
3.9766666666666666
4.682
3.546
3.414
5.887333333333333
3.42
5.704
3.4266666666666667
6.736
5.316666666666666
6.413333333333333
5.503333333333333
4.058666666666666
5.274666666666667
4.0633333333333335
6.306666666666667
6.186
7.575333333333333
7.913333333333333
4.317333333333333
3.904
6.823333333333333
5.753333333333333
4.577333333333334
5.688
6.424666666666667
5.010666666666666
6.474
5.302
6.6866666666666665
4.989333333333334
5.96
6.582666666666666
4.682666666666667
5.7026666666666666
5.824
6.257333333333333
4.782666666666667
6.617333333333334
3.5653333333333332
5.578
5.3693333333333335
5.432
4.341333333333333
5.332
5.344
5.667333333333334
6.486666666666666
6.98
6.818
5.108
5.717333333333333
6.832
6.8646666666666665
7.72
7.390666666666666
5.97
5.796
5.921333333333333
6.0873333333333335
7.188
4.591333333333333
4.301333333333333
7.250666666666667
2.203333333333333
2.030666666666667
1.978
1.1086666666666667
2.07
1.038
1.9733333333333334
1.954
1.012
2.0673333333333335
2.194
2.088
2.112
2.3506666666666667
1.9553333333333334
1.9786666666666666
1.8833333333333333
1.07
2.09
1.8046666666666666
1.8353333333333333
1.9166666666666667
1.9373333333333334
2.3273333333333333
1.5946666666666667
2.048
2.8546666666666667
2.078666666666667
2.3393333333333333
1.928
4.268666666666666
2.622
4.712666666666666
4.823333333333333
5.464
4.607333333333333
3.256
4.252666666666666
4.93
3.318
3.1486666666666667
3.7306666666666666
3.4646666666666666
4.268
3.763333333333333
4.701333333333333
4.021333333333334
4.284
4.4126666666666665
3.9366666666666665
4.632
3.1153333333333335
3.882
2.2373333333333334
1.9186666666666667
5.641333333333334
2.6226666666666665
4.288
4.491333333333333
2.744666666666667
4.386
5.26
3.8893333333333335
4.906666666666666
4.980666666666667
6.642
4.292666666666666
4.704
5.655333333333333
4.022
4.388
4.056
3.703333333333333
2.936
4.589333333333333
4.648
5.319333333333334
5.18
4.734
5.507333333333333
5.93
5.894666666666667
4.102666666666667
7.25
5.077333333333334
5.454
6.153333333333333
4.443333333333333
4.926666666666667
3.832666666666667
6.178
4.265333333333333
5.598
6.518666666666666
6.461333333333333
5.008666666666667
4.469333333333333
4.7026666666666666
6.274666666666667
7.569333333333334
8.611333333333333
5.148666666666666
4.413333333333333
6.35
4.824666666666666
6.108
3.328666666666667
7.397333333333333
7.775333333333333
4.194
4.685333333333333
8.243333333333334
7.21
7.954666666666666
5.496
6.740666666666667
2.9426666666666668
7.488
6.964666666666667
5.628
7.157333333333334
5.171333333333333
7.482
6.729333333333333
6.905333333333333
7.498666666666667
6.421333333333333
5.394
5.248
7.962666666666666
5.556
7.292666666666666
7.711333333333333
6.372
6.941333333333334
6.796666666666667
4.757333333333333
7.724666666666667
7.972
5.749333333333333
5.888
7.977333333333333
3.4526666666666666
6.713333333333333
5.770666666666667
6.442
8.727333333333334
6.953333333333333
6.022666666666667
7.278666666666667
2.4066666666666667
1.3386666666666667
3.0493333333333332
1.512
1.934
1.3273333333333333
2.505333333333333
2.134
2.24
2.536
1.9126666666666667
2.632
2.0433333333333334
2.67
2.3253333333333335
2.2573333333333334
2.2106666666666666
2.2813333333333334
1.3806666666666667
1.1593333333333333
1.6433333333333333
2.0973333333333333
1.696
2.394
2.1893333333333334
2.484
1.9073333333333333
1.93
2.1493333333333333
3.0273333333333334
5.699333333333334
3.574666666666667
3.8106666666666666
4.338
5.3373333333333335
4.136
2.6806666666666668
5.265333333333333
4.300666666666666
5.968
6.48
4.3933333333333335
5.204666666666666
5.007333333333333
5.101333333333334
4.886666666666667
4.705333333333333
4.102
3.846
3.17
5.417333333333334
4.178
3.541333333333333
3.772
4.6113333333333335
5.334
3.0713333333333335
4.452
4.092666666666666
5.064666666666667
5.794666666666667
4.9013333333333335
6.787333333333334
6.658
6.692666666666667
3.674
5.295333333333334
6.451333333333333
5.69
5.740666666666667
4.933333333333334
6.67
4.43
4.265333333333333
5.540666666666667
7.2973333333333334
7.0713333333333335
7.19
5.039333333333333
5.312666666666667
5.278666666666667
5.93
7.624
6.234666666666667
6.550666666666666
6.9446666666666665
5.009333333333333
6.892666666666667
5.276666666666666
3.904
7.178
8.873333333333333
4.148666666666666
5.504666666666667
5.964666666666667
7.1466666666666665
6.9013333333333335
5.642
5.584666666666666
6.113333333333333
6.612666666666667
6.1066666666666665
5.517333333333333
5.834666666666666
5.923333333333333
7.753333333333333
6.742666666666667
5.3933333333333335
7.09
7.465333333333334
7.782666666666667
6.591333333333333
5.911333333333333
7.252666666666666
7.069333333333334
6.061333333333334
9.104
5.696
7.1
6.316
9.139333333333333
9.952666666666667
7.542
6.5713333333333335
6.642
5.836
4.475333333333333
7.906
8.446
7.580666666666667
5.647333333333333
5.828
9.412
7.134666666666667
10.407333333333334
7.470666666666666
5.112
8.358666666666666
8.622666666666667
7.900666666666667
7.594666666666667
8.861333333333333
8.552666666666667
8.03
7.1
6.998
7.342666666666666
10.246
8.134666666666666
7.156666666666666
1.5966666666666667
0.7986666666666666
0.15733333333333333
0.296
0.22333333333333333
0.7413333333333333
0.6546666666666666
0.052
0.8833333333333333
1.4166666666666667
1.0813333333333333
0.9073333333333333
0.152
0.2673333333333333
0.9826666666666667
0.38866666666666666
0.12933333333333333
0.37533333333333335
0.6853333333333333
0.608
1.1113333333333333
0.96
0.4726666666666667
0.09266666666666666
0.3453333333333333
1.0373333333333334
0.7386666666666667
0.5446666666666666
0.0
1.8533333333333333
1.1593333333333333
1.178
0.7666666666666667
0.6753333333333333
1.752
0.7706666666666667
0.5693333333333334
0.7013333333333334
1.6966666666666668
0.7966666666666666
1.182
1.6553333333333333
0.7633333333333333
1.5273333333333334
2.478666666666667
1.9026666666666667
1.9393333333333334
1.8593333333333333
1.0293333333333334
0.33066666666666666
1.12
1.3573333333333333
1.228
1.3193333333333332
0.81
1.31
0.184
1.6293333333333333
0.8826666666666667
0.21466666666666667
1.9433333333333334
2.262
1.1526666666666667
2.004
2.0473333333333334
1.208
1.174
1.7506666666666666
2.4346666666666668
1.98
1.8693333333333333
0.9686666666666667
1.85
0.656
1.1673333333333333
1.088
1.2113333333333334
1.2413333333333334
1.574
1.9393333333333334
1.388
1.3606666666666667
2.2693333333333334
1.006
1.296
1.276
1.1206666666666667
1.448
1.8506666666666667
1.8713333333333333
1.0786666666666667
1.954
1.8606666666666667
1.0706666666666667
2.026
2.8366666666666664
1.1186666666666667
2.74
1.5946666666666667
1.2826666666666666
1.1246666666666667
1.3113333333333332
2.8713333333333333
2.2213333333333334
1.85
1.5426666666666666
2.626
2.3526666666666665
0.8733333333333333
1.946
2.203333333333333
1.216
1.9406666666666668
1.116
2.5986666666666665
2.92
2.1626666666666665
1.372
1.9693333333333334
1.998
2.457333333333333
1.8393333333333333
1.7766666666666666
2.718
1.6866666666666668
1.5913333333333333
1.4586666666666666
2.0566666666666666
1.642
1.8093333333333332
1.6693333333333333
1.8033333333333332
2.772666666666667
1.068
2.1333333333333333
2.009333333333333
2.1353333333333335
1.658
1.9633333333333334
2.0973333333333333
2.504
1.3066666666666666
2.510666666666667
2.46
2.1446666666666667
1.1053333333333333
1.492
1.872
2.037333333333333
1.558
1.1053333333333333
0.298
1.7853333333333334
1.0533333333333332
1.6853333333333333
1.6113333333333333
1.2786666666666666
1.456
1.4453333333333334
1.3613333333333333
1.0053333333333334
1.4566666666666668
1.358
0.9733333333333334
1.6866666666666668
0.26066666666666666
1.038
1.42
1.6826666666666668
0.55
0.5213333333333333
1.4613333333333334
1.3226666666666667
1.6246666666666667
1.604
1.26
1.188
1.2373333333333334
0.6026666666666667
1.5246666666666666
2.062666666666667
1.8466666666666667
3.354
2.0993333333333335
4.438666666666666
1.9326666666666668
1.404
2.5273333333333334
2.968
1.5906666666666667
2.2746666666666666
2.4753333333333334
2.938
2.2133333333333334
2.596
1.4513333333333334
2.3413333333333335
2.24
0.9606666666666667
2.766
2.784666666666667
1.1466666666666667
2.8433333333333333
3.445333333333333
1.36
2.634
2.038
2.6846666666666668
2.174
2.3573333333333335
2.736666666666667
3.7853333333333334
3.8673333333333333
4.6786666666666665
4.365333333333333
1.8086666666666666
3.6373333333333333
3.146
3.4473333333333334
1.512
3.378
3.6853333333333333
4.347333333333333
3.5393333333333334
2.702
2.8113333333333332
2.872
2.5793333333333335
4.406
2.3213333333333335
2.260666666666667
2.724666666666667
3.1846666666666668
4.34
2.448
3.42
2.914
3.7213333333333334
2.5753333333333335
3.6186666666666665
3.1346666666666665
3.9273333333333333
4.0873333333333335
4.218
3.636
4.746
3.166
1.24
2.596
2.97
4.642666666666667
3.2973333333333334
2.2773333333333334
3.3633333333333333
3.682
3.4466666666666668
4.665333333333334
4.65
4.392666666666667
3.3453333333333335
4.322
3.1813333333333333
2.69
3.662
5.034666666666666
4.795333333333334
4.344
4.028666666666667
3.776666666666667
2.602
4.025333333333333
2.978666666666667
4.498666666666667
3.9846666666666666
3.4646666666666666
5.516666666666667
3.572
3.739333333333333
3.707333333333333
4.691333333333334
3.756666666666667
4.544
4.243333333333333
4.346666666666667
3.239333333333333
5.354
5.615333333333333
3.6733333333333333
4.684
3.8153333333333332
3.624
4.195333333333333
3.6553333333333335
4.398666666666666
4.376666666666667
4.286
5.206
2.5933333333333333
4.486666666666666
3.78
1.7126666666666666
1.3426666666666667
1.874
1.7853333333333334
2.2666666666666666
1.2113333333333334
1.3853333333333333
1.7566666666666666
1.956
1.0993333333333333
1.0353333333333334
1.1933333333333334
1.8013333333333332
1.934
2.04
1.3053333333333332
1.5493333333333332
1.688
1.5813333333333333
0.4046666666666667
1.8093333333333332
1.4053333333333333
1.4533333333333334
0.982
1.29
1.7106666666666666
1.8473333333333333
2.232666666666667
0.9633333333333334
1.2913333333333334
2.1733333333333333
2.9186666666666667
2.998666666666667
3.77
3.6086666666666667
2.6193333333333335
3.228666666666667
2.7306666666666666
4.142
2.3653333333333335
3.009333333333333
2.058666666666667
2.6193333333333335
2.8026666666666666
2.652
3.692
3.3146666666666667
3.952
4.280666666666667
4.091333333333333
2.008
2.6806666666666668
2.4246666666666665
5.060666666666667
2.8973333333333335
1.9626666666666666
4.240666666666667
3.774
3.516
3.638
3.3026666666666666
2.928
3.029333333333333
2.906
5.308666666666666
3.6373333333333333
5.422
4.284666666666666
3.9886666666666666
2.442
5.772
1.9493333333333334
5.52
4.834666666666666
3.198
4.704666666666666
3.3333333333333335
3.8666666666666667
4.707333333333334
4.223333333333334
3.966666666666667
4.798
3.3173333333333335
3.3933333333333335
4.548
5.020666666666667
3.528
4.1866666666666665
3.6933333333333334
3.461333333333333
6.462
6.450666666666667
5.632
5.524
5.158
4.1626666666666665
3.8526666666666665
4.178
4.852
4.581333333333333
5.3966666666666665
2.961333333333333
5.27
3.984
5.020666666666667
5.347333333333333
4.269333333333333
4.542666666666666
4.1066666666666665
3.6213333333333333
3.0686666666666667
4.532666666666667
4.204666666666666
4.1273333333333335
6.204
2.394
4.417333333333334
2.9646666666666666
5.435333333333333
4.252
5.51
7.148666666666666
4.892666666666667
4.676
4.236666666666666
5.588
5.449333333333334
5.269333333333333
4.370666666666667
5.819333333333334
5.576
5.222666666666667
5.512666666666667
4.253333333333333
6.440666666666667
3.6213333333333333
6.227333333333333
4.540666666666667
5.296666666666667
5.847333333333333
5.362
6.206666666666667
6.981333333333334
5.6946666666666665
5.552666666666667
6.1
5.634666666666667
3.768
5.788666666666667
5.725333333333333
1.2446666666666666
1.3353333333333333
1.4426666666666668
1.626
2.3466666666666667
2.046
1.2846666666666666
2.3706666666666667
2.074666666666667
1.1286666666666667
1.854
1.7613333333333334
1.4926666666666666
1.1506666666666667
1.2666666666666666
1.4633333333333334
2.028
1.8746666666666667
2.9593333333333334
1.8966666666666667
1.5813333333333333
2.158
2.116
1.956
1.7846666666666666
1.406
1.98
2.21
1.568
1.3033333333333332
3.1013333333333333
3.437333333333333
5.054666666666667
4.296666666666667
4.118
4.295333333333334
3.2186666666666666
4.486666666666666
4.26
3.2946666666666666
4.228666666666666
2.981333333333333
2.908
4.1433333333333335
3.5533333333333332
4.054666666666667
3.497333333333333
2.8346666666666667
4.989333333333334
4.145333333333333
4.166
4.325333333333333
3.8253333333333335
4.050666666666666
4.858666666666666
3.094
2.808666666666667
4.1706666666666665
4.650666666666667
2.9766666666666666
5.56
5.0793333333333335
5.542
4.244666666666666
3.8566666666666665
5.021333333333334
6.354
3.0913333333333335
5.478
3.972
5.256
3.256666666666667
3.692
6.545333333333334
4.425333333333334
3.702
4.516666666666667
6.177333333333333
4.478
4.6866666666666665
4.59
4.375333333333334
3.994666666666667
7.177333333333333
5.060666666666667
3.7533333333333334
5.828666666666667
6.6513333333333335
4.03
5.9366666666666665
3.8646666666666665
5.092666666666666
5.355333333333333
3.8426666666666667
5.672
4.418666666666667
6.238
7.454666666666666
7.279333333333334
6.259333333333333
4.101333333333334
5.74
5.881333333333333
5.468
4.935333333333333
4.719333333333333
6.4206666666666665
5.141333333333334
8.458666666666666
3.624
6.363333333333333
5.476
4.786666666666667
6.310666666666667
6.717333333333333
4.899333333333334
6.182
5.120666666666667
5.494
3.5393333333333334
4.706
4.726666666666667
7.367333333333334
5.63
6.908
5.981333333333334
5.6273333333333335
5.5953333333333335
8.435333333333332
7.416
7.221333333333333
4.628
6.446666666666666
6.28
8.906666666666666
5.496
6.19
7.339333333333333
6.616666666666666
6.424
7.144
7.838
8.776
7.069333333333334
5.426666666666667
6.841333333333333
5.942666666666667
5.068
7.152
5.725333333333333
1.9173333333333333
1.7893333333333334
2.0886666666666667
1.7073333333333334
1.1573333333333333
1.2026666666666668
2.521333333333333
2.876
2.0606666666666666
2.724666666666667
2.322
1.778
2.482
2.240666666666667
2.0313333333333334
1.482
2.324
2.208
1.56
2.25
2.028
2.1686666666666667
2.167333333333333
3.5953333333333335
2.5046666666666666
2.3686666666666665
2.1086666666666667
1.4386666666666668
2.3193333333333332
1.7453333333333334
3.8606666666666665
3.472
5.465333333333334
2.6406666666666667
3.2666666666666666
4.39
4.574
4.666666666666667
5.191333333333334
4.136666666666667
5.153333333333333
5.197333333333333
3.3686666666666665
3.934
3.4606666666666666
4.709333333333333
3.735333333333333
4.525333333333333
4.600666666666666
5.441333333333334
4.256666666666667
4.6866666666666665
4.266
7.376666666666667
4.862666666666667
3.306
2.9713333333333334
5.422666666666666
4.145333333333333
5.476
3.9266666666666667
5.9046666666666665
5.6033333333333335
5.0633333333333335
6.962666666666666
4.576666666666667
3.878
4.480666666666667
4.566
5.218666666666667
5.820666666666667
5.677333333333333
5.620666666666667
4.8
5.492
6.612666666666667
4.814
4.3646666666666665
6.961333333333333
6.054
6.290666666666667
4.278
6.729333333333333
7.096
5.9
3.9126666666666665
6.088
6.214
4.868
5.656
7.815333333333333
6.3293333333333335
6.7
6.856
4.843333333333334
7.236
5.040666666666667
6.096
7.556
5.908
6.677333333333333
7.698666666666667
4.997333333333334
6.15
5.8693333333333335
7.816666666666666
4.774666666666667
6.683333333333334
5.185333333333333
5.542666666666666
6.4013333333333335
4.9126666666666665
5.408
7.930666666666666
4.900666666666667
8.854
5.248
7.3533333333333335
3.8306666666666667
4.526666666666666
6.6
8.422
7.681333333333333
9.448666666666666
7.508666666666667
7.436
9.499333333333333
9.724
10.942666666666666
4.526
7.914666666666666
8.576
8.215333333333334
7.253333333333333
6.858666666666666
6.205333333333333
6.907333333333334
7.3693333333333335
6.169333333333333
5.934
6.855333333333333
5.216
9.349333333333334
4.3133333333333335
7.052666666666667
8.824666666666667
10.7
9.917333333333334
5.779333333333334
8.693333333333333
1.1326666666666667
0.37066666666666664
0.042
0.6706666666666666
0.9546666666666667
0.0
0.5946666666666667
0.23333333333333334
0.31266666666666665
0.25333333333333335
0.992
0.778
0.876
0.2713333333333333
0.094
1.074
0.8933333333333333
0.7793333333333333
0.91
0.3453333333333333
0.634
0.586
1.332
0.5093333333333333
0.15133333333333332
0.2966666666666667
0.82
0.07666666666666666
0.6453333333333333
0.46066666666666667
1.0406666666666666
1.134
1.0193333333333334
1.382
1.1633333333333333
1.0366666666666666
0.634
1.132
1.5253333333333334
1.196
1.4766666666666666
1.2333333333333334
1.672
1.0733333333333333
1.4733333333333334
1.4913333333333334
0.7753333333333333
0.9553333333333334
2.1493333333333333
1.046
0.8866666666666667
0.454
1.986
1.1226666666666667
0.6826666666666666
1.0526666666666666
1.2206666666666666
1.5273333333333334
0.8646666666666667
1.2013333333333334
0.298
1.448
1.9913333333333334
1.61
1.176
2.6353333333333335
1.0873333333333333
1.0206666666666666
2.552
0.12533333333333332
0.9726666666666667
0.7233333333333334
0.654
0.73
1.6106666666666667
1.5793333333333333
1.1946666666666668
0.926
1.2873333333333334
1.2073333333333334
1.566
0.8613333333333333
1.6373333333333333
1.9673333333333334
1.6666666666666667
1.5833333333333333
0.43466666666666665
1.7726666666666666
1.2293333333333334
1.8873333333333333
1.8426666666666667
0.49533333333333335
2.024
0.776
1.5673333333333332
0.8813333333333333
1.0553333333333332
1.9813333333333334
1.248
1.1246666666666667
0.616
2.0906666666666665
2.0126666666666666
0.7153333333333334
2.1433333333333335
1.9093333333333333
1.1693333333333333
0.81
1.2306666666666666
1.0306666666666666
1.7713333333333334
2.328
0.3953333333333333
1.4646666666666666
1.272
1.7833333333333334
1.4846666666666666
1.018
1.3526666666666667
1.714
1.3473333333333333
1.25
1.9666666666666666
0.778
2.308666666666667
1.9633333333333334
1.9206666666666667
1.9886666666666666
1.4093333333333333
1.3293333333333333
1.794
2.7466666666666666
1.7706666666666666
2.4686666666666666
1.9193333333333333
1.2406666666666666
2.172
2.1466666666666665
1.3286666666666667
1.0093333333333334
0.764
1.2326666666666666
0.37
1.8973333333333333
2.0246666666666666
1.2313333333333334
2.0166666666666666
1.9693333333333334
1.7866666666666666
1.992
1.0066666666666666
0.5646666666666667
1.0526666666666666
0.484
1.1093333333333333
1.2786666666666666
1.3693333333333333
1.2893333333333334
1.198
1.7346666666666666
0.5633333333333334
0.536
0.8073333333333333
1.366
0.786
1.0013333333333334
1.5126666666666666
1.2426666666666666
0.9793333333333333
0.6973333333333334
0.882
0.73
0.050666666666666665
0.7333333333333333
1.034
1.1466666666666667
0.5206666666666667
0.9546666666666667
0.644
0.018
3.092
1.6573333333333333
2.6326666666666667
1.5466666666666666
1.4733333333333334
1.9333333333333333
2.1113333333333335
1.932
2.8186666666666667
1.8853333333333333
2.1393333333333335
1.79
3.35
1.368
2.7906666666666666
2.6373333333333333
2.7586666666666666
2.524
3.95
1.8746666666666667
1.654
1.4
1.8373333333333333
1.6726666666666667
1.5593333333333332
2.263333333333333
1.342
1.8713333333333333
1.968
2.8726666666666665
2.9793333333333334
3.062666666666667
1.7466666666666666
3.0326666666666666
1.8653333333333333
3.134
3.7333333333333334
1.9526666666666668
2.6026666666666665
2.702
1.5946666666666667
1.2046666666666668
2.9026666666666667
2.7826666666666666
2.306
2.8993333333333333
2.7786666666666666
2.384
3.3533333333333335
3.231333333333333
3.1973333333333334
4.156
3.67
2.4166666666666665
2.7453333333333334
2.820666666666667
2.970666666666667
2.892
2.164
2.8726666666666665
3.87
3.652
3.3386666666666667
3.994666666666667
3.062666666666667
4.078666666666667
2.9106666666666667
3.394
3.5
1.8266666666666667
2.5973333333333333
3.3366666666666664
3.73
4.294
2.9506666666666668
2.6173333333333333
2.7866666666666666
2.826
3.9393333333333334
3.1686666666666667
1.6326666666666667
3.1726666666666667
3.6313333333333335
4.214666666666667
2.4226666666666667
4.351333333333334
3.485333333333333
3.2853333333333334
2.5766666666666667
4.162
3.6546666666666665
3.8613333333333335
2.2386666666666666
4.972
2.3093333333333335
4.260666666666666
3.634
3.316
3.0233333333333334
4.013333333333334
3.4186666666666667
3.6213333333333333
3.476
1.876
4.152
3.672
4.364
3.9426666666666668
2.7986666666666666
3.8653333333333335
3.768
4.027333333333333
2.922
4.203333333333333
4.46
5.675333333333334
3.0713333333333335
3.566666666666667
3.438
3.1973333333333334
1.1333333333333333
1.7673333333333334
0.9946666666666667
1.1233333333333333
0.338
1.5373333333333334
1.6493333333333333
2.0986666666666665
1.3733333333333333
1.2466666666666666
1.11
1.9733333333333334
1.204
1.5973333333333333
1.0193333333333334
1.768
1.8146666666666667
1.7353333333333334
1.3793333333333333
1.622
1.2946666666666666
1.904
1.2433333333333334
1.4386666666666668
1.7606666666666666
1.148
1.7066666666666668
0.8866666666666667
2.11
1.1833333333333333
2.3026666666666666
4.044
2.9713333333333334
1.7346666666666666
2.056
3.882
2.436
2.6093333333333333
2.956
2.476
2.719333333333333
3.4313333333333333
1.6213333333333333
3.3193333333333332
2.2506666666666666
2.616
2.374
2.0946666666666665
1.924
3.0273333333333334
2.3793333333333333
2.388
1.6526666666666667
1.8613333333333333
3.01
1.982
2.9473333333333334
2.406
1.8353333333333333
1.568
6.094
4.294
4.636
2.9926666666666666
4.147333333333333
3.434
3.0153333333333334
3.5573333333333332
2.251333333333333
4.016
3.8273333333333333
2.5113333333333334
3.322
3.994
4.206
2.501333333333333
4.049333333333333
4.479333333333333
2.1366666666666667
2.264666666666667
3.7693333333333334
5.039333333333333
3.6866666666666665
3.7813333333333334
2.712666666666667
3.832
3.6293333333333333
3.498
3.226
3.7413333333333334
4.529333333333334
2.5073333333333334
3.8033333333333332
5.992666666666667
4.8646666666666665
4.968666666666667
3.5126666666666666
3.176
3.921333333333333
4.128
5.108666666666666
5.336
3.8146666666666667
3.85
4.678
4.8133333333333335
6.417333333333334
4.688
4.738666666666667
4.215333333333334
5.666
2.6733333333333333
3.394
2.98
4.307333333333333
4.28
4.098
3.962666666666667
3.978
3.8806666666666665
3.5653333333333332
4.070666666666667
3.572
2.1626666666666665
5.082666666666666
6.327333333333334
6.176
6.263333333333334
6.207333333333334
4.0633333333333335
3.558666666666667
5.201333333333333
4.716666666666667
4.928
4.933333333333334
4.844666666666667
6.250666666666667
5.239333333333334
5.504666666666667
4.422
5.655333333333333
5.654
4.507333333333333
3.8706666666666667
4.6513333333333335
5.002666666666666
5.028
5.110666666666667
4.035333333333333
5.872
1.2886666666666666
1.4673333333333334
1.3133333333333332
1.0246666666666666
1.3
1.3773333333333333
1.5426666666666666
1.4953333333333334
1.6833333333333333
1.4986666666666666
1.612
2.022
1.4466666666666668
1.4486666666666668
1.4666666666666666
1.532
1.5833333333333333
2.271333333333333
1.7286666666666666
1.3133333333333332
1.2213333333333334
1.6693333333333333
1.25
0.43666666666666665
1.55
1.4433333333333334
1.1006666666666667
1.6233333333333333
2.2346666666666666
1.578
3.596
3.0973333333333333
2.2813333333333334
2.4993333333333334
4.496
2.552
3.6393333333333335
4.485333333333333
2.7586666666666666
3.0606666666666666
2.404
2.8493333333333335
3.0953333333333335
5.755333333333334
3.6086666666666667
4.421333333333333
2.728
3.3273333333333333
3.556
2.0326666666666666
2.6153333333333335
2.9313333333333333
2.672
3.324666666666667
2.9326666666666665
3.998
5.004
4.11
3.0926666666666667
2.0793333333333335
2.8973333333333335
5.222666666666667
4.833333333333333
4.414666666666666
3.965333333333333
4.593333333333334
4.202
3.0
4.262
5.785333333333333
4.793333333333333
6.358
5.42
3.794
5.553333333333334
2.3213333333333335
4.316
4.8646666666666665
3.9513333333333334
4.540666666666667
3.646
4.613333333333333
3.8506666666666667
5.326
4.105333333333333
4.786666666666667
5.3213333333333335
4.184666666666667
4.084
3.771333333333333
4.404
4.282666666666667
4.828666666666667
4.322
5.718
7.057333333333333
4.358666666666666
4.0793333333333335
4.75
7.73
3.726
5.308
3.848
5.208666666666667
7.056
5.970666666666666
4.476666666666667
3.878
3.957333333333333
5.706
4.722
3.530666666666667
4.4446666666666665
5.718
5.688666666666666
2.6073333333333335
5.157333333333334
5.1273333333333335
5.322
7.106
5.66
7.248
5.857333333333333
6.996
6.1546666666666665
6.874
6.698666666666667
4.489333333333334
7.238666666666667
6.446
7.098
5.294666666666667
5.822
6.3773333333333335
5.468
5.149333333333334
5.248666666666667
6.752
7.088666666666667
4.5906666666666665
6.164
6.593333333333334
5.609333333333334
4.147333333333333
3.3686666666666665
4.757333333333333
5.034
7.474666666666667
6.583333333333333
6.104
2.4
0.8153333333333334
1.422
2.522
1.168
1.904
1.8553333333333333
1.6853333333333333
1.0713333333333332
1.8346666666666667
1.3026666666666666
1.2333333333333334
2.0246666666666666
1.5766666666666667
1.8386666666666667
2.062666666666667
2.1466666666666665
2.6773333333333333
2.13
1.2713333333333334
1.7466666666666666
1.7433333333333334
1.8913333333333333
2.028
1.2626666666666666
1.4386666666666668
1.8646666666666667
1.3313333333333333
2.033333333333333
2.226
3.7066666666666666
4.370666666666667
3.4
4.31
3.255333333333333
4.054
4.158
4.334
2.4193333333333333
3.775333333333333
5.342666666666666
4.422666666666666
5.094666666666667
3.5366666666666666
2.696
3.683333333333333
4.536666666666667
2.6466666666666665
4.660666666666667
4.718
2.846
4.730666666666667
3.8753333333333333
5.1786666666666665
4.184666666666667
2.334
4.287333333333334
3.7773333333333334
4.398666666666666
3.8806666666666665
4.418666666666667
5.472
5.514
6.926666666666667
4.024666666666667
5.4126666666666665
2.8253333333333335
5.593333333333334
6.674666666666667
3.5773333333333333
4.891333333333334
7.806666666666667
5.768
4.346
4.256666666666667
4.176666666666667
4.019333333333333
6.034666666666666
6.001333333333333
4.9046666666666665
3.775333333333333
3.8833333333333333
4.018
5.21
5.203333333333333
5.615333333333333
3.711333333333333
6.05
4.248666666666667
2.552
4.347333333333333
6.425333333333334
3.872
5.605333333333333
6.514
6.310666666666667
5.532666666666667
7.572
5.818666666666667
5.41
5.753333333333333
6.728666666666666
7.898
5.311333333333334
8.264
7.484666666666667
7.258
6.273333333333333
6.341333333333333
4.707333333333334
5.414
3.85
5.776666666666666
6.527333333333333
6.492
5.526666666666666
7.322
5.704
5.773333333333333
6.434
5.506
8.334
5.624
7.1066666666666665
7.6306666666666665
8.293333333333333
5.227333333333333
7.261333333333333
8.732
8.190666666666667
8.354
7.612666666666667
6.3533333333333335
5.605333333333333
8.458
6.922666666666666
8.314666666666668
7.689333333333333
6.128
7.7973333333333334
4.4046666666666665
6.719333333333333
8.552
8.762
7.871333333333333
4.128666666666667
5.88
8.028
7.975333333333333
8.749333333333333
0.17933333333333334
0.792
0.9033333333333333
0.3273333333333333
0.8066666666666666
0.28933333333333333
0.2653333333333333
0.242
0.78
0.462
0.822
0.3446666666666667
0.03866666666666667
0.18466666666666667
0.188
0.47933333333333333
0.496
0.73
0.17333333333333334
1.184
0.38866666666666666
0.598
0.932
0.304
0.862
0.17533333333333334
0.65
0.3273333333333333
0.8526666666666667
0.0
1.106
0.9313333333333333
0.106
1.6773333333333333
0.348
0.256
1.0426666666666666
1.416
0.28733333333333333
0.8446666666666667
0.8833333333333333
0.682
0.3566666666666667
0.756
2.030666666666667
0.8626666666666667
0.20133333333333334
0.828
0.488
0.772
0.5593333333333333
0.15266666666666667
0.20066666666666666
1.9213333333333333
1.272
0.586
0.956
1.4593333333333334
0.87
0.9493333333333334
0.894
1.1586666666666667
1.278
0.634
0.5866666666666667
1.252
0.8966666666666666
1.7073333333333334
1.076
1.1733333333333333
1.0786666666666667
0.18333333333333332
0.366
1.1253333333333333
0.258
1.2153333333333334
1.1453333333333333
0.828
1.2153333333333334
0.5453333333333333
0.8946666666666667
0.22133333333333333
1.3733333333333333
0.9873333333333333
0.268
1.4733333333333334
1.0393333333333334
0.8053333333333333
1.042
0.652
1.6513333333333333
1.5013333333333334
0.654
1.044
0.26
0.8973333333333333
1.9013333333333333
0.8333333333333334
0.36533333333333334
1.7613333333333334
1.0733333333333333
1.818
0.9346666666666666
0.18533333333333332
1.2813333333333334
1.898
1.89
1.3326666666666667
1.5806666666666667
1.858
1.1646666666666667
1.538
0.5766666666666667
0.566
0.4533333333333333
1.158
1.4146666666666667
0.9966666666666667
0.616
2.466
1.43
1.3566666666666667
0.944
1.842
1.5786666666666667
1.0153333333333334
0.18866666666666668
1.0386666666666666
1.9893333333333334
0.986
0.624
1.466
1.742
0.9853333333333333
1.03
0.124
2.3293333333333335
0.5926666666666667
1.4653333333333334
1.1926666666666668
1.2173333333333334
0.168
0.5153333333333333
1.3046666666666666
0.7406666666666667
1.2153333333333334
1.396
2.1986666666666665
1.9046666666666667
1.752
0.8106666666666666
0.964
1.324
0.8633333333333333
1.222
0.466
0.9893333333333333
0.644
0.8406666666666667
0.774
0.9853333333333333
0.53
0.7206666666666667
0.7593333333333333
0.854
0.2826666666666667
0.9546666666666667
0.3546666666666667
0.8613333333333333
0.8806666666666667
0.772
1.3233333333333333
1.612
0.6673333333333333
0.5166666666666667
0.662
0.9093333333333333
1.17
0.6846666666666666
0.9753333333333334
1.6413333333333333
0.9906666666666667
2.1026666666666665
1.242
2.3966666666666665
0.708
0.9526666666666667
2.9046666666666665
1.216
2.179333333333333
1.4186666666666667
1.5053333333333334
2.1173333333333333
1.4833333333333334
1.3133333333333332
2.8933333333333335
1.784
1.5973333333333333
2.501333333333333
1.702
2.2213333333333334
3.288666666666667
1.5953333333333333
1.5606666666666666
1.4966666666666666
1.6446666666666667
1.1613333333333333
2.342
2.9286666666666665
1.4286666666666668
1.74
2.8226666666666667
1.8173333333333332
2.3393333333333333
1.6433333333333333
2.941333333333333
2.558666666666667
2.384
1.5486666666666666
2.014666666666667
1.386
1.874
2.9233333333333333
1.088
3.274
1.5386666666666666
2.698
2.054666666666667
2.3
2.5486666666666666
2.4
2.8226666666666667
2.514666666666667
1.3733333333333333
1.9773333333333334
1.5206666666666666
1.52
2.2853333333333334
1.1886666666666668
1.0673333333333332
1.7166666666666666
1.464
1.81
3.1166666666666667
1.764
3.7413333333333334
2.3446666666666665
2.2213333333333334
2.1246666666666667
3.175333333333333
2.124
3.458666666666667
2.066
3.457333333333333
1.78
1.8133333333333332
3.05
2.6933333333333334
2.394
2.0593333333333335
1.682
3.25
1.796
3.6566666666666667
2.9713333333333334
3.228666666666667
2.945333333333333
4.084666666666666
2.456
3.4233333333333333
4.233333333333333
2.1946666666666665
2.3386666666666667
4.053333333333334
2.743333333333333
3.092
3.062
4.244666666666666
2.08
2.876
3.9546666666666668
2.608
3.3786666666666667
2.320666666666667
1.8906666666666667
1.7673333333333334
2.888
3.756666666666667
3.0973333333333333
2.441333333333333
3.742
2.3726666666666665
4.397333333333333
2.0273333333333334
3.1373333333333333
2.9766666666666666
4.914666666666666
1.7593333333333334
3.316
2.716
0.9506666666666667
2.312
1.4053333333333333
1.392
1.296
0.4013333333333333
1.0726666666666667
1.1246666666666667
2.021333333333333
1.2346666666666666
0.178
0.9493333333333334
1.1253333333333333
1.102
0.8986666666666666
1.4026666666666667
2.1006666666666667
0.6553333333333333
0.7606666666666667
1.0573333333333332
1.0513333333333332
0.8386666666666667
1.2926666666666666
0.9626666666666667
1.3653333333333333
1.5733333333333333
0.9646666666666667
1.2633333333333334
1.3233333333333333
1.3166666666666667
2.9346666666666668
2.382
2.925333333333333
2.485333333333333
2.179333333333333
0.8913333333333333
2.008
2.6766666666666667
1.624
2.478666666666667
2.1366666666666667
2.772
2.388
3.787333333333333
2.0813333333333333
2.1686666666666667
2.2986666666666666
2.5
1.704
3.11
2.484
2.928
2.3826666666666667
3.187333333333333
1.6506666666666667
3.4966666666666666
2.8333333333333335
3.17
2.220666666666667
1.706
2.5606666666666666
4.036666666666667
4.8293333333333335
3.7826666666666666
3.514
1.5753333333333333
4.849333333333333
3.736666666666667
2.6366666666666667
2.3486666666666665
3.6406666666666667
2.2306666666666666
1.9766666666666666
2.8153333333333332
3.522666666666667
2.3366666666666664
3.5566666666666666
3.18
2.530666666666667
3.0913333333333335
3.6966666666666668
2.628
3.530666666666667
1.2293333333333334
2.3093333333333335
3.2253333333333334
4.023333333333333
3.494666666666667
2.6533333333333333
2.529333333333333
3.768666666666667
3.1306666666666665
3.4753333333333334
3.775333333333333
4.490666666666667
4.285333333333333
3.8266666666666667
3.2053333333333334
5.289333333333333
2.6306666666666665
2.7093333333333334
3.0753333333333335
3.3486666666666665
2.122
3.6093333333333333
3.2973333333333334
2.9566666666666666
3.372
5.044
3.453333333333333
3.6853333333333333
3.9606666666666666
3.0533333333333332
5.3966666666666665
3.1506666666666665
3.1606666666666667
2.448
3.284666666666667
2.9306666666666668
3.981333333333333
4.342
6.538
3.6193333333333335
2.7773333333333334
4.516666666666667
4.044
4.37
3.6826666666666665
6.025333333333333
4.064666666666667
3.6613333333333333
3.722
5.3133333333333335
3.97
3.4033333333333333
4.406666666666666
5.196
4.2973333333333334
2.8226666666666667
2.928
4.394666666666667
5.464666666666667
4.908666666666667
4.583333333333333
4.343333333333334
3.997333333333333
2.8186666666666667
6.131333333333333
3.751333333333333
3.9206666666666665
1.9146666666666667
2.27
0.806
1.0586666666666666
0.98
1.602
0.774
1.224
1.042
1.4826666666666666
1.748
1.112
1.2613333333333334
1.4133333333333333
0.7466666666666667
1.098
1.4046666666666667
1.3353333333333333
0.7046666666666667
2.52
1.04
0.656
1.3486666666666667
0.934
1.2393333333333334
1.1726666666666667
1.8966666666666667
0.9406666666666667
1.7813333333333334
0.948
2.7653333333333334
2.742
2.0806666666666667
1.3853333333333333
2.2146666666666666
1.96
2.282
2.4766666666666666
3.004
2.134
4.208
2.2773333333333334
2.505333333333333
2.973333333333333
1.3793333333333333
2.9053333333333335
2.3713333333333333
3.448
2.2893333333333334
2.6806666666666668
2.5653333333333332
2.3906666666666667
3.046666666666667
3.2066666666666666
2.441333333333333
2.934
3.2046666666666668
2.856
2.6113333333333335
2.4146666666666667
4.655333333333333
4.640666666666666
2.5526666666666666
5.493333333333333
2.826
3.856
4.564666666666667
6.204666666666666
3.550666666666667
5.466
3.724666666666667
2.8573333333333335
3.284
3.848
3.8066666666666666
5.534
3.9053333333333335
5.993333333333333
3.366
3.239333333333333
2.12
3.8526666666666665
2.632
3.8793333333333333
3.8146666666666667
4.132
3.6086666666666667
3.442
3.978
3.4506666666666668
5.542
6.025333333333333
2.5086666666666666
3.622
4.914
5.749333333333333
4.273333333333333
5.046666666666667
5.748
5.682
3.504
3.1346666666666665
5.367333333333334
5.389333333333333
4.806
3.8846666666666665
3.695333333333333
3.965333333333333
5.6626666666666665
6.176
5.352
3.284
5.3646666666666665
3.304
5.882666666666666
4.2973333333333334
6.109333333333334
5.432
3.5733333333333333
3.759333333333333
3.316666666666667
5.836666666666667
4.038666666666667
4.7026666666666666
6.288
3.4233333333333333
5.734
5.648
6.1
5.394666666666667
4.538666666666667
4.024666666666667
4.248666666666667
5.771333333333334
3.7666666666666666
7.230666666666667
7.1066666666666665
6.229333333333333
5.084666666666666
5.174
5.417333333333334
4.397333333333333
6.1
6.419333333333333
4.286666666666667
6.266666666666667
6.994666666666666
4.350666666666666
5.56
4.8566666666666665
1.3286666666666667
2.1073333333333335
2.4146666666666667
1.1926666666666668
1.2926666666666666
1.614
1.5233333333333334
1.0453333333333332
1.836
0.8213333333333334
0.8953333333333333
1.1826666666666668
1.2626666666666666
1.37
1.9666666666666666
1.2313333333333334
1.376
1.0866666666666667
1.488
1.9453333333333334
1.0366666666666666
1.0566666666666666
1.8906666666666667
1.6
1.2413333333333334
1.6353333333333333
1.8586666666666667
0.9813333333333333
0.844
1.63
3.4953333333333334
3.041333333333333
3.538666666666667
4.867333333333334
3.148
3.462
3.916
3.5613333333333332
3.0566666666666666
2.552
3.244
4.962666666666666
2.9273333333333333
2.4806666666666666
3.518
3.8833333333333333
4.6466666666666665
5.981333333333334
3.474666666666667
5.034666666666666
2.788666666666667
5.468
3.308666666666667
2.1193333333333335
3.4366666666666665
4.185333333333333
3.7826666666666666
4.016666666666667
3.5693333333333332
4.229333333333333
4.2973333333333334
4.6033333333333335
3.1013333333333333
2.764666666666667
3.804
4.534666666666666
4.634
4.394
5.438666666666666
3.5813333333333333
3.4793333333333334
5.7973333333333334
4.292666666666666
4.199333333333334
3.8213333333333335
5.926
4.58
3.1
4.806666666666667
4.903333333333333
7.084666666666666
7.892666666666667
4.818666666666667
3.6086666666666667
6.049333333333333
2.6813333333333333
4.116
3.134
4.226666666666667
3.9673333333333334
5.422
4.898666666666666
4.106
6.983333333333333
7.015333333333333
5.9126666666666665
5.324666666666666
6.681333333333333
6.469333333333333
4.608
7.424666666666667
4.602666666666667
5.503333333333333
6.726666666666667
6.317333333333333
5.866
4.85
7.165333333333334
4.718
4.323333333333333
5.207333333333334
7.567333333333333
5.189333333333333
6.914666666666666
6.747333333333334
6.729333333333333
3.3946666666666667
6.3726666666666665
7.043333333333333
4.438
6.69
6.819333333333334
8.097333333333333
7.389333333333333
6.754
5.48
6.1
5.273333333333333
3.4833333333333334
6.458
6.532666666666667
8.064
4.387333333333333
6.203333333333333
6.336
7.776
6.032
3.4026666666666667
7.843333333333334
6.349333333333333
7.230666666666667
4.698666666666667
4.8293333333333335
5.236
7.266
4.89
6.718
6.251333333333333
7.511333333333333
5.573333333333333
