0.0
0.9826666666666667
0.7313333333333333
1.7073333333333334
0.5246666666666666
0.218
0.58
0.5066666666666667
0.49466666666666664
0.9726666666666667
1.2846666666666666
0.9693333333333334
0.8386666666666667
0.9613333333333334
0.9666666666666667
0.974
0.142
0.9446666666666667
1.016
1.2846666666666666
0.6433333333333333
1.008
0.25933333333333336
1.6633333333333333
0.7946666666666666
1.77
0.6786666666666666
0.9613333333333334
0.9706666666666667
0.9706666666666667
2.1986666666666665
2.220666666666667
1.8953333333333333
1.0026666666666666
1.602
1.0433333333333332
1.9086666666666667
1.6986666666666668
1.4186666666666667
0.9693333333333334
1.7093333333333334
0.5866666666666667
1.8786666666666667
2.42
1.9413333333333334
0.95
1.902
1.9606666666666666
1.4573333333333334
1.5486666666666666
2.276666666666667
1.434
1.8966666666666667
0.9666666666666667
2.686
1.894
1.7646666666666666
1.4273333333333333
1.3966666666666667
1.7153333333333334
2.8293333333333335
2.2546666666666666
1.5606666666666666
1.1426666666666667
2.7973333333333334
2.6346666666666665
2.034
1.3313333333333333
2.152
1.4966666666666666
1.7986666666666666
2.6086666666666667
2.77
1.496
1.546
1.138
1.7653333333333334
2.1133333333333333
2.0866666666666664
2.0886666666666667
2.1946666666666665
1.4106666666666667
1.6073333333333333
1.7606666666666666
2.5
2.8846666666666665
1.2893333333333334
1.8633333333333333
2.2953333333333332
1.4986666666666666
2.2826666666666666
1.5926666666666667
2.2786666666666666
1.572
1.524
2.158
2.8153333333333332
2.532
2.025333333333333
1.4253333333333333
2.708666666666667
2.715333333333333
2.6686666666666667
2.87
1.006
2.2046666666666668
1.98
1.5526666666666666
2.4406666666666665
1.568
2.808
2.522666666666667
2.0006666666666666
2.489333333333333
2.5486666666666666
1.8653333333333333
2.196
1.928
2.5613333333333332
1.9586666666666666
2.0006666666666666
2.3486666666666665
2.248666666666667
1.3566666666666667
2.216666666666667
1.8806666666666667
2.648
2.6066666666666665
1.768
2.726
2.6966666666666668
1.6966666666666668
1.4386666666666668
2.1153333333333335
2.722
2.23
2.6513333333333335
2.8433333333333333
2.786
2.304
2.490666666666667
2.7866666666666666
2.734
2.3533333333333335
1.9613333333333334
2.4686666666666666
2.772
2.3033333333333332
2.3973333333333335
2.1353333333333335
0.606
2.066
1.552
1.6993333333333334
0.972
1.9906666666666666
1.6413333333333333
1.0666666666666667
1.7153333333333334
1.7986666666666666
1.8173333333333332
1.8446666666666667
1.7406666666666666
2.112
1.0186666666666666
1.3853333333333333
1.1573333333333333
1.562
1.9106666666666667
1.1233333333333333
0.9426666666666667
1.2586666666666666
1.3746666666666667
0.9526666666666667
1.8906666666666667
1.5633333333333332
1.7033333333333334
1.86
1.1093333333333333
1.23
1.9706666666666666
3.0633333333333335
3.1633333333333336
2.5646666666666667
4.29
2.394
3.244666666666667
3.24
3.969333333333333
3.578666666666667
3.712666666666667
3.2066666666666666
2.2066666666666666
2.320666666666667
3.517333333333333
4.5553333333333335
2.3773333333333335
2.78
2.9466666666666668
2.566
1.568
3.9806666666666666
3.0493333333333332
1.184
1.838
2.4673333333333334
2.417333333333333
3.544
4.0713333333333335
3.7026666666666666
4.732666666666667
4.165333333333334
4.408666666666667
4.0986666666666665
3.727333333333333
4.778666666666667
3.7853333333333334
3.538666666666667
3.7226666666666666
4.478666666666666
4.386
3.3586666666666667
5.03
3.2346666666666666
5.018666666666666
3.2693333333333334
5.978666666666666
3.3313333333333333
4.3213333333333335
3.422
3.4506666666666668
4.808666666666666
4.499333333333333
4.430666666666666
4.434
3.8713333333333333
2.896
4.53
4.282
3.9306666666666668
4.536
4.608666666666666
5.364
5.545333333333334
4.117333333333334
5.465333333333334
3.45
3.8613333333333335
3.0713333333333335
5.312666666666667
4.207333333333334
4.089333333333333
4.04
4.331333333333333
4.370666666666667
4.012
3.787333333333333
3.8606666666666665
3.7986666666666666
4.228666666666666
3.9713333333333334
5.612
5.244
4.798
4.54
4.518
3.457333333333333
5.238666666666667
5.472
5.001333333333333
4.519333333333333
5.269333333333333
5.620666666666667
3.457333333333333
4.935333333333333
6.738666666666667
5.9
3.2386666666666666
4.871333333333333
4.412
5.772
5.737333333333333
4.0793333333333335
4.320666666666667
4.464666666666667
4.472
5.412
6.423333333333333
4.954666666666666
5.318
5.5793333333333335
4.474
5.551333333333333
5.304666666666667
5.374666666666666
5.3133333333333335
4.688666666666666
3.932
5.118666666666667
3.148
1.7366666666666666
2.06
1.1913333333333334
1.9693333333333334
2.2053333333333334
2.1326666666666667
1.9933333333333334
1.8373333333333333
1.6273333333333333
1.898
1.9153333333333333
1.382
1.8793333333333333
1.7006666666666668
1.8973333333333333
2.0986666666666665
2.0886666666666667
1.8593333333333333
0.9673333333333334
1.744
1.8753333333333333
1.2186666666666666
1.692
2.0273333333333334
2.1293333333333333
1.348
0.98
1.9633333333333334
2.0846666666666667
1.6733333333333333
4.174666666666667
4.118666666666667
3.5733333333333333
3.267333333333333
3.958
3.408
2.64
2.6446666666666667
4.798
3.3353333333333333
2.4686666666666666
3.4593333333333334
4.303333333333334
3.288
3.0
3.732
5.108
3.212666666666667
4.8566666666666665
4.618666666666667
3.720666666666667
4.402666666666667
3.739333333333333
2.972
3.466
3.719333333333333
5.216
5.212666666666666
2.43
3.679333333333333
4.144666666666667
5.372
4.352
5.136666666666667
4.820666666666667
4.264666666666667
5.330666666666667
6.792666666666666
2.6186666666666665
3.0893333333333333
4.8293333333333335
4.740666666666667
5.528
4.324
4.898
5.902666666666667
4.574
4.1866666666666665
3.695333333333333
4.654
5.41
5.948666666666667
5.2973333333333334
3.35
4.014
4.474
4.946
5.1033333333333335
6.053333333333334
5.140666666666666
5.943333333333333
5.05
5.583333333333333
5.620666666666667
5.308
5.824
4.314666666666667
5.6626666666666665
3.7493333333333334
6.338
5.180666666666666
5.524
4.020666666666667
5.434666666666667
7.578666666666667
5.874
4.780666666666667
6.748
6.118
4.200666666666667
7.046
5.634666666666667
7.036666666666667
4.792666666666666
6.466666666666667
5.304666666666667
4.976666666666667
4.891333333333334
7.564666666666667
4.328666666666667
5.999333333333333
5.0953333333333335
6.22
5.374
5.104
7.808666666666666
6.836666666666667
4.183333333333334
5.545333333333334
6.048666666666667
4.367333333333334
7.532
5.825333333333333
4.373333333333333
6.528
4.157333333333334
5.394
6.58
7.242
6.997333333333334
5.506666666666667
8.686
6.522
5.839333333333333
7.589333333333333
5.062
6.252666666666666
6.787333333333334
7.506666666666667
5.470666666666666
1.874
0.9373333333333334
1.0513333333333332
1.9
1.8526666666666667
1.718
2.128
1.82
1.5006666666666666
2.050666666666667
1.6733333333333333
1.8066666666666666
2.46
1.8526666666666667
2.263333333333333
2.0973333333333333
2.3253333333333335
1.3826666666666667
1.1253333333333333
1.888
1.2233333333333334
2.2813333333333334
2.242
2.278
1.6346666666666667
1.8573333333333333
1.998
1.9226666666666667
1.668
2.0646666666666667
5.077333333333334
5.682
4.8406666666666665
5.272
4.378666666666667
4.320666666666667
3.0993333333333335
3.8833333333333333
5.1593333333333335
3.4993333333333334
5.287333333333334
4.212666666666666
4.889333333333333
3.9646666666666666
4.085333333333334
3.048
5.79
5.033333333333333
3.66
3.252
3.715333333333333
4.106
2.3733333333333335
4.206666666666667
4.568666666666667
3.470666666666667
6.404
4.101333333333334
5.197333333333333
5.117333333333334
6.538666666666667
5.017333333333333
5.536666666666667
6.074666666666666
5.188666666666666
4.866
6.177333333333333
4.570666666666667
4.617333333333334
4.584
5.376666666666667
4.3613333333333335
4.754666666666667
5.75
4.970666666666666
4.784666666666666
4.607333333333333
6.167333333333334
4.608
6.622
5.594666666666667
4.890666666666666
3.433333333333333
5.268
5.21
4.107333333333333
5.4093333333333335
6.798666666666667
5.175333333333334
6.494666666666666
6.98
5.696
4.128
8.548
4.540666666666667
5.738666666666667
5.992666666666667
6.792666666666666
6.968666666666667
3.208666666666667
6.253333333333333
7.286666666666667
5.822
6.162
7.482
5.808666666666666
5.09
7.774
7.568666666666667
6.228666666666666
6.248
5.045333333333334
6.939333333333333
5.632666666666666
5.708
6.394666666666667
7.036666666666667
6.0713333333333335
5.9206666666666665
5.665333333333334
6.608666666666666
6.501333333333333
7.694
8.239333333333333
5.935333333333333
9.482
5.86
7.144
6.912
6.107333333333333
8.441333333333333
8.088
6.134666666666667
5.544
5.596
6.5553333333333335
7.360666666666667
8.575333333333333
8.072666666666667
7.859333333333334
8.755333333333333
6.774666666666667
7.122
8.858666666666666
6.459333333333333
7.237333333333333
10.56
6.362666666666667
7.023333333333333
5.594666666666667
2.208
1.4846666666666666
2.6893333333333334
2.272666666666667
1.6946666666666668
1.9313333333333333
2.284666666666667
2.372
3.5493333333333332
2.216
2.2746666666666666
2.77
1.5073333333333334
2.5193333333333334
3.1206666666666667
2.719333333333333
2.0813333333333333
1.274
2.854
1.6226666666666667
2.0406666666666666
0.91
0.97
1.4806666666666666
2.1086666666666667
1.8206666666666667
2.2
2.441333333333333
1.216
2.1633333333333336
3.216
6.16
4.998
3.842
4.626
7.034666666666666
4.25
5.233333333333333
4.736666666666666
4.905333333333333
3.724
4.315333333333333
2.937333333333333
4.021333333333334
4.4
5.6946666666666665
4.6273333333333335
3.6726666666666667
3.5673333333333335
5.016
6.569333333333334
4.504666666666667
5.295333333333334
3.8313333333333333
4.412
3.76
3.87
4.817333333333333
4.045333333333334
5.52
5.780666666666667
6.168666666666667
6.634
5.868
6.070666666666667
7.296666666666667
5.038
7.012666666666667
6.781333333333333
7.267333333333333
6.014666666666667
3.9673333333333334
5.284666666666666
6.72
6.616
5.341333333333333
5.899333333333334
6.515333333333333
6.710666666666667
6.792
6.736666666666666
6.408666666666667
8.353333333333333
8.131333333333334
7.067333333333333
5.986
6.4126666666666665
5.684
6.056
5.256
8.933333333333334
6.819333333333334
8.044666666666666
7.955333333333333
8.410666666666666
10.616
7.645333333333333
6.482666666666667
6.433333333333334
7.766
6.6226666666666665
10.138666666666667
7.836666666666667
9.562666666666667
6.601333333333334
6.827333333333334
8.236
6.815333333333333
7.494
5.031333333333333
7.961333333333333
6.64
9.272666666666666
7.886
6.984
6.552
7.476
10.289333333333333
8.960666666666667
8.962
8.278
9.181333333333333
8.230666666666666
9.393333333333333
7.850666666666666
9.526666666666667
8.462666666666667
4.4206666666666665
5.502
10.231333333333334
10.183333333333334
8.422666666666666
9.46
7.0873333333333335
7.073333333333333
9.031333333333333
9.948666666666666
6.986
6.389333333333333
6.862666666666667
7.828
7.508666666666667
7.486666666666666
7.581333333333333
8.446666666666667
6.0906666666666665
9.478666666666667
8.638666666666667
8.048666666666668
5.873333333333333
0.8493333333333334
0.0
0.6306666666666667
0.9853333333333333
0.9353333333333333
0.7953333333333333
0.0
1.138
0.812
0.146
0.38066666666666665
0.718
0.8713333333333333
0.0
0.674
1.076
0.7506666666666667
0.6253333333333333
0.6586666666666666
1.3966666666666667
0.6833333333333333
0.736
0.354
0.24066666666666667
0.8526666666666667
0.246
0.0
1.4973333333333334
1.0806666666666667
1.0386666666666666
2.3646666666666665
0.32
1.2853333333333334
0.5913333333333334
0.9646666666666667
0.7266666666666667
0.048
0.8573333333333333
1.3993333333333333
1.41
2.1026666666666665
1.6926666666666668
1.9446666666666668
1.5673333333333332
1.044
1.9166666666666667
1.5953333333333333
1.914
2.908
0.9293333333333333
1.904
1.6513333333333333
0.3566666666666667
1.3293333333333333
1.5093333333333334
1.992
1.8526666666666667
1.48
1.76
0.47
1.8433333333333333
2.578666666666667
2.8513333333333333
0.5546666666666666
1.9833333333333334
1.922
2.3393333333333333
2.296
1.5906666666666667
1.1766666666666667
1.144
1.4973333333333334
1.3013333333333332
1.1253333333333333
1.8026666666666666
1.744
2.278
2.082
1.0006666666666666
1.6386666666666667
2.0513333333333335
1.9353333333333333
1.7006666666666668
1.3393333333333333
0.8126666666666666
2.418
1.9366666666666668
1.6346666666666667
1.8873333333333333
1.3693333333333333
1.9313333333333333
1.9693333333333334
2.7293333333333334
1.8813333333333333
1.37
1.0646666666666667
1.908
1.2266666666666666
2.0113333333333334
2.1413333333333333
2.022
1.4173333333333333
1.6466666666666667
1.754
1.6786666666666668
2.033333333333333
2.032
1.264
1.3586666666666667
2.038
1.3686666666666667
1.8493333333333333
2.804666666666667
2.6806666666666668
2.1433333333333335
0.686
0.4633333333333333
1.8033333333333332
1.7126666666666666
1.74
1.9233333333333333
2.038
1.8206666666666667
1.534
1.7766666666666666
1.9646666666666666
2.53
1.7466666666666666
1.91
2.1573333333333333
1.8326666666666667
1.9293333333333333
2.5846666666666667
1.844
0.8866666666666667
1.2126666666666666
2.4833333333333334
1.2233333333333334
2.5893333333333333
1.6593333333333333
2.7986666666666666
1.9486666666666668
2.492
1.684
2.052
2.009333333333333
2.1053333333333333
2.106
2.34
2.0326666666666666
1.696
1.276
1.462
1.7613333333333334
1.766
0.436
0.9286666666666666
1.0073333333333334
1.7673333333333334
1.0573333333333332
1.0113333333333334
1.0133333333333334
1.296
1.7073333333333334
1.016
1.002
0.888
1.7513333333333334
0.7286666666666667
1.1593333333333333
0.6033333333333334
0.9726666666666667
1.3766666666666667
1.42
0.8726666666666667
1.112
0.8086666666666666
1.186
1.406
1.7133333333333334
3.2046666666666668
2.602
3.034
2.6513333333333335
3.6866666666666665
3.006666666666667
2.434
2.902
3.794
2.6293333333333333
2.3813333333333335
2.5886666666666667
2.582
2.8393333333333333
3.489333333333333
2.47
2.904
3.736
2.802
2.2266666666666666
1.464
3.294
1.9073333333333333
1.8826666666666667
2.732666666666667
1.952
3.316
2.708
2.11
2.37
3.038666666666667
3.5806666666666667
2.6386666666666665
3.06
2.67
3.5473333333333334
2.9793333333333334
2.962666666666667
2.683333333333333
4.782
2.364
3.276
5.042
2.816
2.7173333333333334
3.1053333333333333
3.276
3.6193333333333335
2.8193333333333332
3.6073333333333335
2.662
3.73
2.917333333333333
3.5593333333333335
3.005333333333333
2.3366666666666664
2.386
1.9793333333333334
2.354
2.7813333333333334
3.449333333333333
1.6586666666666667
3.812
3.1293333333333333
3.771333333333333
5.072666666666667
3.9226666666666667
3.478666666666667
4.18
2.9093333333333335
4.146
4.304
2.64
3.199333333333333
3.8933333333333335
3.018
4.498666666666667
3.3666666666666667
3.9833333333333334
4.102
2.9326666666666665
3.8713333333333333
5.1113333333333335
3.6106666666666665
4.374666666666666
3.5366666666666666
4.223333333333334
3.728
4.1306666666666665
4.014666666666667
3.354
5.584666666666666
3.6033333333333335
5.08
5.293333333333333
4.085333333333334
4.240666666666667
3.1373333333333333
3.744666666666667
4.520666666666667
4.782
5.104666666666667
3.484
2.95
3.69
4.126
5.112666666666667
4.462666666666666
4.141333333333334
3.5313333333333334
3.5453333333333332
4.286
3.922
4.528666666666667
2.6893333333333334
4.082
5.042
3.8906666666666667
2.9646666666666666
3.8693333333333335
1.4466666666666668
1.544
1.3186666666666667
0.938
1.312
1.3406666666666667
1.754
0.9753333333333334
0.5226666666666666
1.84
2.142
1.136
0.6526666666666666
2.016
1.246
1.9233333333333333
1.35
0.664
1.656
1.5106666666666666
1.0306666666666666
1.5166666666666666
1.2553333333333334
1.5533333333333332
1.1973333333333334
0.79
1.634
1.0066666666666666
2.0393333333333334
1.6633333333333333
4.082
2.8373333333333335
3.946
2.530666666666667
3.73
4.900666666666667
2.0906666666666665
4.626666666666667
2.8533333333333335
2.1893333333333334
2.3733333333333335
3.3306666666666667
3.6446666666666667
2.4026666666666667
2.9606666666666666
2.5313333333333334
4.596
3.9686666666666666
3.2626666666666666
2.5193333333333334
4.121333333333333
3.2146666666666666
3.78
2.8213333333333335
3.258
3.6126666666666667
3.52
4.113333333333333
3.748666666666667
2.235333333333333
3.644
3.866
3.8526666666666665
4.232
4.1273333333333335
3.904
4.116
4.19
4.472
3.240666666666667
4.6113333333333335
3.7546666666666666
4.969333333333333
4.762
4.494
4.778666666666667
4.529333333333334
3.4886666666666666
4.422666666666666
3.021333333333333
5.075333333333333
5.912
3.582
4.823333333333333
3.464
5.074666666666666
3.928
3.546
3.0246666666666666
4.0953333333333335
5.736
3.687333333333333
5.960666666666667
6.022666666666667
5.904
5.698
4.293333333333333
4.232666666666667
5.601333333333334
4.936
6.238666666666667
5.042666666666666
5.701333333333333
6.254666666666667
4.650666666666667
4.578666666666667
6.948666666666667
5.764
4.162
6.092
4.172666666666666
4.184
6.3773333333333335
4.6513333333333335
5.839333333333333
4.444
4.484
4.564666666666667
4.683333333333334
5.178
5.591333333333333
3.0833333333333335
5.729333333333333
5.383333333333334
5.169333333333333
5.75
6.828
4.705333333333333
5.739333333333334
5.838
5.6513333333333335
5.207333333333334
5.132666666666666
5.476666666666667
6.418666666666667
4.519333333333333
4.4206666666666665
5.871333333333333
4.848
5.6113333333333335
3.768666666666667
5.922
3.7493333333333334
5.556
4.07
5.360666666666667
6.610666666666667
4.416
6.424
7.615333333333333
2.0646666666666667
2.548
1.972
1.862
1.2673333333333334
1.4433333333333334
1.9446666666666668
2.6513333333333335
2.4066666666666667
1.8293333333333333
3.2053333333333334
1.6046666666666667
2.304666666666667
1.0993333333333333
2.5113333333333334
1.56
1.9426666666666668
2.198
2.232
1.6513333333333333
1.978
1.7153333333333334
1.2586666666666666
1.1873333333333334
1.834
1.9933333333333334
1.6693333333333333
1.922
1.5026666666666666
2.0393333333333334
3.478
4.597333333333333
3.268
3.2733333333333334
4.1226666666666665
3.094
5.779333333333334
4.048666666666667
3.772666666666667
3.84
4.289333333333333
4.308
4.199333333333334
5.164666666666666
4.779333333333334
4.042
3.9873333333333334
2.798
4.335333333333334
2.824666666666667
5.59
3.3666666666666667
4.722
2.3913333333333333
3.906
2.724666666666667
3.3526666666666665
5.033333333333333
3.4186666666666667
2.628
6.344666666666667
7.033333333333333
6.467333333333333
4.4446666666666665
6.787333333333334
3.4593333333333334
3.744
2.8613333333333335
2.912
3.1546666666666665
4.647333333333333
7.472666666666667
4.612666666666667
5.51
5.326666666666667
6.3
4.6033333333333335
4.582
5.494666666666666
4.298666666666667
5.492
4.955333333333333
4.878666666666667
5.400666666666667
5.404
5.254
4.926666666666667
4.478
4.733333333333333
3.724
5.431333333333333
6.737333333333333
5.971333333333333
4.884666666666667
6.196
6.36
5.75
6.736
3.8753333333333333
2.9793333333333334
5.1113333333333335
8.181333333333333
6.105333333333333
5.280666666666667
5.273333333333333
4.728
6.0553333333333335
5.197333333333333
7.13
5.806666666666667
6.121333333333333
6.957333333333334
4.804666666666667
4.596666666666667
4.907333333333334
2.42
6.881333333333333
6.5553333333333335
5.666666666666667
6.302
9.074
7.522
6.017333333333333
6.682666666666667
4.164
7.601333333333334
7.932
5.316
3.3986666666666667
5.714666666666667
6.988
7.094666666666667
6.964666666666667
7.721333333333333
7.407333333333334
6.289333333333333
6.899333333333334
5.982666666666667
5.543333333333333
5.341333333333333
6.8773333333333335
6.198
5.266
7.895333333333333
6.156
5.8806666666666665
5.249333333333333
5.6626666666666665
7.812666666666667
7.351333333333334
1.4153333333333333
3.4386666666666668
2.3713333333333333
2.191333333333333
1.818
2.2333333333333334
1.3406666666666667
2.945333333333333
2.1113333333333335
2.1786666666666665
2.046666666666667
1.2526666666666666
2.394
2.001333333333333
2.688
1.35
1.9653333333333334
1.4886666666666666
2.0153333333333334
1.706
1.928
2.2533333333333334
1.892
1.6273333333333333
1.464
2.8066666666666666
1.7626666666666666
1.9906666666666666
2.58
1.7366666666666666
5.157333333333334
4.011333333333333
6.190666666666667
4.994
4.360666666666667
4.050666666666666
6.390666666666666
3.2493333333333334
4.314666666666667
2.009333333333333
4.476666666666667
4.209333333333333
2.4073333333333333
4.474
6.158666666666667
2.974
3.1066666666666665
2.989333333333333
3.406
7.058666666666666
4.5793333333333335
6.28
3.5233333333333334
4.193333333333333
4.76
4.9126666666666665
3.763333333333333
3.9306666666666668
2.3313333333333333
4.904
6.072666666666667
5.142
6.738666666666667
7.192666666666667
3.6933333333333334
6.502
5.048
5.529333333333334
4.316666666666666
6.112
6.539333333333333
6.812
4.428
6.128666666666667
6.406
5.27
4.832
7.5986666666666665
5.525333333333333
4.450666666666667
6.028666666666667
4.074
7.637333333333333
6.479333333333333
5.4013333333333335
7.022
6.910666666666667
5.605333333333333
4.879333333333333
5.466
5.908
7.41
6.27
3.66
7.476666666666667
5.664
6.06
6.768666666666666
5.429333333333333
5.704
8.651333333333334
6.724666666666667
6.532666666666667
8.09
7.181333333333333
3.8486666666666665
7.244
9.159333333333333
4.826
8.204666666666666
6.911333333333333
7.648666666666666
4.847333333333333
5.074666666666666
4.746666666666667
7.742666666666667
6.848
7.02
6.531333333333333
5.86
5.8566666666666665
9.778666666666666
7.609333333333334
4.378
6.676
7.065333333333333
8.942
6.554666666666667
10.216
7.946666666666666
7.382666666666666
8.639333333333333
7.404
8.462666666666667
7.598
8.856
8.804666666666666
6.057333333333333
6.806
7.01
8.523333333333333
6.263333333333334
9.124
8.432
6.336666666666667
5.467333333333333
10.542666666666667
4.29
8.711333333333334
9.148666666666667
0.6173333333333333
0.06266666666666666
0.53
0.064
0.732
0.0
0.0
0.232
1.4206666666666667
0.10133333333333333
0.6186666666666667
0.6133333333333333
0.9933333333333333
0.59
0.41733333333333333
0.654
1.0913333333333333
0.746
0.49666666666666665
0.5946666666666667
1.1186666666666667
0.686
0.19466666666666665
0.4666666666666667
0.8613333333333333
0.6573333333333333
0.646
0.104
0.874
0.38866666666666666
1.324
0.8693333333333333
0.366
0.15
0.9813333333333333
0.9646666666666667
1.66
1.3393333333333333
1.874
2.192
1.838
0.6546666666666666
1.0006666666666666
1.6213333333333333
0.8986666666666666
0.31066666666666665
0.9246666666666666
1.148
0.022
1.9406666666666668
0.5113333333333333
1.0826666666666667
0.9886666666666667
1.4206666666666667
0.89
0.30933333333333335
1.4153333333333333
2.0993333333333335
1.2173333333333334
2.0493333333333332
2.2506666666666666
1.4
0.6933333333333334
0.7686666666666667
2.6166666666666667
1.1413333333333333
1.046
1.6106666666666667
1.4553333333333334
1.1666666666666667
1.3386666666666667
0.7153333333333334
2.35
0.79
0.724
0.234
2.692
0.43866666666666665
0.612
0.5286666666666666
1.992
0.388
2.256
0.254
0.956
1.564
1.8693333333333333
0.5646666666666667
1.0486666666666666
0.8746666666666667
1.3573333333333333
0.838
1.1673333333333333
0.48
2.224666666666667
1.024
1.1846666666666668
0.866
1.1966666666666668
1.6546666666666667
1.664
1.444
1.022
2.546
0.316
1.3813333333333333
1.4433333333333334
1.6153333333333333
0.934
1.774
0.8966666666666666
1.3733333333333333
2.1213333333333333
1.2573333333333334
1.3353333333333333
2.482
2.012
2.5473333333333334
1.326
1.7713333333333334
1.9833333333333334
2.8053333333333335
2.0286666666666666
2.1073333333333335
0.6026666666666667
1.66
1.158
1.3353333333333333
1.33
1.694
1.618
1.4526666666666668
2.0166666666666666
1.6466666666666667
1.66
1.8673333333333333
1.6326666666666667
1.6613333333333333
1.9413333333333334
1.8013333333333332
1.634
2.542666666666667
2.9226666666666667
2.642
1.2086666666666666
1.3866666666666667
1.436
1.8473333333333333
2.1
1.44
0.744
1.4393333333333334
1.2566666666666666
0.8453333333333334
0.7893333333333333
1.2273333333333334
1.4953333333333334
1.3593333333333333
1.286
1.2606666666666666
1.7566666666666666
0.8286666666666667
1.09
0.9246666666666666
0.6613333333333333
1.26
0.754
1.2006666666666668
1.4153333333333333
1.258
0.8286666666666667
0.6113333333333333
1.7673333333333334
0.9653333333333334
0.8786666666666667
0.9373333333333334
1.45
0.2793333333333333
0.864
1.334
2.976
1.776
1.816
2.1946666666666665
2.6073333333333335
3.175333333333333
2.268666666666667
2.172
2.2653333333333334
1.6666666666666667
1.6593333333333333
1.9133333333333333
2.9486666666666665
3.4273333333333333
2.005333333333333
2.072
2.7093333333333334
0.5193333333333333
1.6573333333333333
2.6386666666666665
1.6406666666666667
1.754
1.8093333333333332
2.6213333333333333
2.6906666666666665
1.716
3.1473333333333335
2.6533333333333333
3.2253333333333334
2.888
2.8346666666666667
2.232
2.4913333333333334
3.22
2.6193333333333335
2.96
3.013333333333333
3.473333333333333
2.5353333333333334
3.1346666666666665
2.1426666666666665
1.308
2.776666666666667
4.443333333333333
3.5526666666666666
3.1246666666666667
2.3333333333333335
2.222
2.7453333333333334
1.454
3.364
3.8033333333333332
2.602
2.3013333333333335
2.8646666666666665
3.426
3.1973333333333334
3.787333333333333
2.5446666666666666
3.662
3.521333333333333
4.250666666666667
3.4273333333333333
2.754
4.426
3.1433333333333335
4.415333333333334
4.12
1.946
3.548
2.6053333333333333
3.588
2.842
2.937333333333333
2.6153333333333335
3.7106666666666666
3.222
3.0453333333333332
4.142
2.2386666666666666
3.4606666666666666
3.9993333333333334
2.9273333333333333
4.13
4.414666666666666
3.298
4.494
4.728
1.5773333333333333
4.169333333333333
4.302
4.752
3.9153333333333333
3.496
4.916
4.804
3.274
2.888
3.696
3.84
4.322666666666667
4.030666666666667
3.164
2.244
2.8393333333333333
2.498666666666667
2.3946666666666667
3.7613333333333334
4.862
3.476
3.4046666666666665
2.501333333333333
3.470666666666667
2.3186666666666667
3.9326666666666665
3.3213333333333335
4.6513333333333335
4.521333333333334
4.402
2.6573333333333333
1.2946666666666666
0.9893333333333333
1.394
1.2846666666666666
1.1166666666666667
0.8033333333333333
1.486
1.304
1.194
0.9473333333333334
1.5006666666666666
1.064
1.5493333333333332
1.562
1.6113333333333333
1.1866666666666668
1.6893333333333334
0.862
1.9173333333333333
2.279333333333333
1.2293333333333334
1.3546666666666667
1.4666666666666666
1.5946666666666667
0.8946666666666667
1.4973333333333334
1.406
1.6173333333333333
2.348
1.4206666666666667
2.304
2.9326666666666665
2.6013333333333333
4.2026666666666666
2.776
3.8686666666666665
3.421333333333333
3.042666666666667
3.726
2.922
3.231333333333333
2.434
1.9533333333333334
1.9933333333333334
2.3193333333333332
2.8573333333333335
2.497333333333333
2.2786666666666666
2.5886666666666667
2.886
1.3546666666666667
3.0613333333333332
2.6446666666666667
3.1073333333333335
2.8706666666666667
1.9866666666666666
3.0726666666666667
2.282
2.4106666666666667
3.306
3.8073333333333332
4.3373333333333335
3.4593333333333334
2.662
3.464
3.3826666666666667
4.114
4.343333333333334
4.564
3.9313333333333333
3.676
3.445333333333333
4.741333333333333
3.9473333333333334
3.977333333333333
4.751333333333333
4.333333333333333
3.284666666666667
5.827333333333334
3.4633333333333334
3.1286666666666667
4.755333333333334
3.304666666666667
3.764
4.42
3.8806666666666665
5.136666666666667
3.8853333333333335
4.243333333333333
4.738
4.382666666666666
3.8873333333333333
3.1473333333333335
4.026
4.8693333333333335
4.484666666666667
5.148
3.318
4.438
6.092
5.979333333333333
5.648
3.3826666666666667
5.1866666666666665
4.807333333333333
5.438
4.355333333333333
4.806666666666667
4.084666666666666
5.902666666666667
3.723333333333333
4.316666666666666
4.832
3.0486666666666666
6.298
4.310666666666667
4.958
5.537333333333334
4.970666666666666
4.425333333333334
5.667333333333334
6.326666666666667
5.390666666666666
4.025333333333333
5.044
5.288
3.87
5.298
5.411333333333333
4.794
4.902
7.818666666666667
4.569333333333334
4.874
5.974666666666667
5.456666666666667
6.494
5.254666666666667
4.35
5.642
4.784666666666666
4.596
5.5873333333333335
4.318666666666667
5.478
4.203333333333333
5.772
4.285333333333333
4.870666666666667
3.084
1.8213333333333332
1.3026666666666666
1.3053333333333332
1.3253333333333333
1.1433333333333333
1.2866666666666666
1.1473333333333333
1.4926666666666666
1.724
1.2033333333333334
1.7506666666666666
1.0166666666666666
1.6913333333333334
1.5873333333333333
1.2393333333333334
1.1553333333333333
0.9426666666666667
1.244
1.3873333333333333
1.3313333333333333
0.8353333333333334
1.9013333333333333
1.2786666666666666
2.2626666666666666
1.914
1.048
1.5146666666666666
1.82
1.6033333333333333
1.688
3.514666666666667
2.264
1.9206666666666667
2.012
4.874
2.9026666666666667
2.6453333333333333
4.274
3.1806666666666668
5.816666666666666
2.708666666666667
2.9593333333333334
2.7493333333333334
4.139333333333333
3.9266666666666667
1.8793333333333333
2.474666666666667
3.756666666666667
2.816
5.402
3.426
3.35
3.6486666666666667
2.5573333333333332
4.77
3.1346666666666665
3.354
3.9346666666666668
2.3546666666666667
4.686
3.4993333333333334
4.472
3.786
5.069333333333334
4.243333333333333
6.022
3.0806666666666667
2.247333333333333
3.529333333333333
5.113333333333333
4.728666666666666
5.937333333333333
4.051333333333333
5.3133333333333335
4.934
6.017333333333333
5.413333333333333
3.6033333333333335
4.902666666666667
5.0906666666666665
4.600666666666666
4.160666666666667
4.272
4.577333333333334
4.939333333333333
5.899333333333334
4.642
3.762
4.92
5.13
4.554666666666667
4.790666666666667
4.946
5.198
3.332
7.3646666666666665
5.498
6.070666666666667
6.465333333333334
7.287333333333334
7.858
5.660666666666667
4.566
6.020666666666667
3.8406666666666665
5.31
4.899333333333334
4.158666666666667
5.835333333333334
5.204
6.350666666666666
4.921333333333333
4.9093333333333335
4.048666666666667
6.058
4.489333333333334
5.992
5.211333333333333
5.586
4.258666666666667
6.8566666666666665
6.858
6.578
3.512
7.596
3.8813333333333335
6.655333333333333
6.22
8.033333333333333
4.675333333333334
5.8966666666666665
5.987333333333333
4.086
6.57
7.666666666666667
4.727333333333333
6.952
7.494
5.124
8.110666666666667
5.511333333333333
8.020666666666667
5.008666666666667
7.086
6.324
5.777333333333333
6.367333333333334
4.594666666666667
7.416666666666667
7.032
1.6933333333333334
2.0326666666666666
2.9126666666666665
1.7586666666666666
2.326
2.134
1.4726666666666666
0.8953333333333333
2.0126666666666666
0.9126666666666666
1.3566666666666667
2.294
1.792
1.7666666666666666
2.3646666666666665
3.0773333333333333
1.652
2.7506666666666666
1.714
2.08
2.3706666666666667
1.6506666666666667
1.7806666666666666
2.3973333333333335
1.3246666666666667
2.0046666666666666
1.2873333333333334
2.022666666666667
1.3366666666666667
2.8693333333333335
3.3393333333333333
2.8366666666666664
4.715333333333334
3.15
2.6206666666666667
2.472
4.492
4.073333333333333
4.436
4.666666666666667
2.510666666666667
2.3066666666666666
3.0313333333333334
4.126666666666667
4.716
4.993333333333333
3.8106666666666666
2.8233333333333333
5.054
4.419333333333333
4.379333333333333
4.156
5.933333333333334
3.8453333333333335
4.556666666666667
2.5593333333333335
2.8713333333333333
3.291333333333333
5.572
4.788666666666667
4.576
4.187333333333333
4.698
4.454
4.391333333333334
3.6806666666666668
5.364
6.052666666666667
4.583333333333333
5.225333333333333
5.3133333333333335
2.998666666666667
7.007333333333333
6.188666666666666
4.100666666666666
4.672666666666666
5.301333333333333
6.441333333333334
4.92
4.93
3.8313333333333333
3.478
6.247333333333334
7.724
5.357333333333333
3.682
5.105333333333333
2.2933333333333334
5.653333333333333
5.032666666666667
4.685333333333333
6.207333333333334
4.78
8.22
5.296
4.169333333333333
8.201333333333332
5.903333333333333
4.354666666666667
6.008666666666667
6.042666666666666
7.172
6.818
4.9013333333333335
6.782666666666667
9.276666666666667
6.232666666666667
5.043333333333333
5.332
6.492
4.832
5.838
7.198666666666667
3.314
6.743333333333333
9.466
6.163333333333333
5.406
4.798666666666667
6.6946666666666665
8.530666666666667
9.746666666666666
7.448
8.886666666666667
8.021333333333333
8.791333333333334
6.995333333333333
6.1546666666666665
5.939333333333333
5.802666666666667
6.185333333333333
9.874666666666666
7.118666666666667
6.518666666666666
5.544
8.303333333333333
5.624666666666666
10.446
3.8653333333333335
5.306
8.373333333333333
4.764
4.497333333333334
6.606
7.366666666666666
4.979333333333333
7.550666666666666
7.649333333333334
7.209333333333333
8.036
0.19933333333333333
0.08333333333333333
0.06533333333333333
0.526
0.5733333333333334
0.192
1.2533333333333334
1.384
0.37133333333333335
0.16466666666666666
0.24133333333333334
0.6846666666666666
0.322
0.174
0.5466666666666666
0.454
0.5266666666666666
0.05466666666666667
0.296
0.25266666666666665
0.38066666666666665
0.6046666666666667
0.5693333333333334
0.051333333333333335
1.0186666666666666
0.562
0.43866666666666665
0.508
0.12933333333333333
0.44333333333333336
1.0566666666666666
0.542
1.038
0.5906666666666667
0.33466666666666667
0.48733333333333334
0.6813333333333333
0.9213333333333333
0.276
1.112
0.01
1.1426666666666667
0.5866666666666667
1.1093333333333333
0.8453333333333334
0.7126666666666667
0.494
0.2986666666666667
1.1653333333333333
0.564
1.216
0.9193333333333333
1.5006666666666666
1.822
0.27466666666666667
0.418
0.25466666666666665
0.8393333333333334
0.7693333333333333
0.25666666666666665
1.2473333333333334
0.63
0.21066666666666667
1.234
1.0753333333333333
1.3833333333333333
1.174
1.5506666666666666
1.086
0.712
0.7713333333333333
1.148
1.2873333333333334
0.8926666666666667
1.1033333333333333
1.1986666666666668
0.6186666666666667
0.9573333333333334
1.368
1.3633333333333333
1.084
0.49533333333333335
1.4393333333333334
0.22066666666666668
1.8046666666666666
1.0293333333333334
0.6593333333333333
0.7733333333333333
1.7026666666666668
0.5153333333333333
1.8326666666666667
1.2846666666666666
0.4746666666666667
1.318
1.4853333333333334
1.7533333333333334
0.528
0.25066666666666665
1.572
1.2306666666666666
0.544
1.184
1.836
1.46
0.7733333333333333
1.4193333333333333
1.686
0.14933333333333335
1.6546666666666667
1.6333333333333333
1.1466666666666667
1.6766666666666667
1.976
1.9846666666666666
0.562
1.2093333333333334
1.358
0.32266666666666666
1.1086666666666667
1.9906666666666666
1.2413333333333334
2.0166666666666666
1.5013333333333334
1.156
1.3573333333333333
0.774
0.66
1.38
1.4293333333333333
1.296
1.5653333333333332
2.328
1.0286666666666666
1.0173333333333334
1.886
0.9693333333333334
1.894
1.75
1.4433333333333334
0.9153333333333333
0.6693333333333333
2.3346666666666667
0.9413333333333334
1.308
1.184
1.284
1.3126666666666666
1.456
2.002
0.9326666666666666
0.8
0.5913333333333334
0.618
1.086
0.7053333333333334
0.732
0.8373333333333334
1.474
1.4206666666666667
1.1526666666666667
0.18133333333333335
0.5886666666666667
0.6953333333333334
0.8773333333333333
1.4026666666666667
1.3166666666666667
0.896
0.76
0.6906666666666667
0.7733333333333333
1.1506666666666667
1.1646666666666667
0.586
0.4166666666666667
0.38666666666666666
0.8186666666666667
0.5413333333333333
0.7786666666666666
0.792
0.942
2.0946666666666665
1.8833333333333333
1.7333333333333334
2.3553333333333333
2.858
2.251333333333333
2.0813333333333333
1.9373333333333334
2.1133333333333333
1.2913333333333334
0.5086666666666667
1.38
1.2186666666666666
1.526
1.422
0.6593333333333333
1.7093333333333334
2.292
1.2233333333333334
2.244
1.7093333333333334
1.7366666666666666
1.136
2.232
1.386
1.654
3.16
2.35
2.736666666666667
0.794
1.922
2.0866666666666664
1.1173333333333333
2.5406666666666666
1.4153333333333333
1.5246666666666666
1.7193333333333334
1.934
0.7286666666666667
2.33
1.9913333333333334
2.036
1.4173333333333333
1.3386666666666667
1.8246666666666667
2.800666666666667
1.2986666666666666
1.78
2.22
3.4166666666666665
2.783333333333333
3.278
3.128
2.342
2.755333333333333
2.054
2.962666666666667
2.3093333333333335
1.5846666666666667
3.054666666666667
2.965333333333333
2.54
2.8593333333333333
2.7426666666666666
1.3733333333333333
2.334
1.2793333333333334
1.8006666666666666
2.734
2.998
3.328666666666667
3.436
2.755333333333333
2.537333333333333
2.3446666666666665
2.602
2.968
3.969333333333333
2.528
3.304
1.0546666666666666
2.3266666666666667
2.328666666666667
3.638
2.171333333333333
2.5593333333333335
2.417333333333333
3.116
2.017333333333333
2.5326666666666666
3.544
3.4506666666666668
2.1946666666666665
3.012
3.472
2.8
2.336
3.184
2.646
3.8053333333333335
3.957333333333333
3.1206666666666667
4.701333333333333
3.183333333333333
3.39
2.7533333333333334
1.9473333333333334
2.5966666666666667
2.9873333333333334
3.683333333333333
2.23
2.787333333333333
3.4713333333333334
3.538
0.8786666666666667
2.792
2.4153333333333333
2.808
3.7226666666666666
3.664
1.338
1.8133333333333332
1.3933333333333333
0.7866666666666666
0.9266666666666666
1.654
0.7593333333333333
0.954
1.3953333333333333
1.4793333333333334
1.5746666666666667
1.1246666666666667
1.7133333333333334
0.7946666666666666
0.7866666666666666
1.3966666666666667
1.5973333333333333
0.808
1.214
0.5333333333333333
1.63
1.2813333333333334
1.6153333333333333
1.3866666666666667
1.0626666666666666
0.8286666666666667
1.2313333333333334
1.5726666666666667
1.9433333333333334
1.026
3.5833333333333335
1.598
2.232666666666667
3.4953333333333334
2.6133333333333333
2.272666666666667
3.632
1.0406666666666666
2.05
2.9726666666666666
2.5513333333333335
2.146
2.0113333333333334
2.4966666666666666
3.0113333333333334
1.1506666666666667
2.298
3.1766666666666667
2.244
2.760666666666667
2.418
2.702
2.43
1.3806666666666667
2.962
2.526666666666667
3.588
1.442
1.3506666666666667
3.632
3.0833333333333335
1.0126666666666666
4.058666666666666
4.347333333333333
2.5353333333333334
3.478
2.3026666666666666
3.9186666666666667
3.0046666666666666
3.9366666666666665
3.836
3.338
3.0953333333333335
2.1866666666666665
4.21
2.618
2.252
3.1093333333333333
2.3626666666666667
2.762
4.076
2.546
2.974666666666667
2.9833333333333334
2.8193333333333332
2.4046666666666665
2.61
2.1133333333333333
3.642
3.3986666666666667
4.838
3.1886666666666668
3.512
4.826666666666667
2.5853333333333333
3.378
4.164
3.1233333333333335
3.8553333333333333
4.277333333333333
4.747333333333334
5.447333333333333
2.126
5.296
4.252
3.598
3.202
5.367333333333334
4.247333333333334
5.562
2.3906666666666667
4.265333333333333
4.533333333333333
2.953333333333333
2.832666666666667
4.773333333333333
5.138
4.243333333333333
2.712
3.4073333333333333
4.378666666666667
5.064666666666667
4.756
4.471333333333333
3.6366666666666667
4.658666666666667
4.762666666666667
5.42
5.113333333333333
5.176
4.914
4.544
4.86
4.93
2.676
4.110666666666667
4.093333333333334
5.406666666666666
3.502666666666667
4.028666666666667
5.057333333333333
5.122
2.6973333333333334
3.374
3.818
4.072
3.3033333333333332
4.1433333333333335
4.458666666666667
4.294666666666667
0.604
1.8886666666666667
0.9006666666666666
1.6253333333333333
0.676
2.1006666666666667
1.098
1.5933333333333333
2.1486666666666667
1.23
1.4413333333333334
1.0306666666666666
0.9093333333333333
0.536
1.936
1.7293333333333334
1.0726666666666667
0.974
1.7073333333333334
1.6126666666666667
1.6386666666666667
1.388
1.08
0.8933333333333333
2.3106666666666666
1.772
2.0193333333333334
0.916
1.2306666666666666
1.1106666666666667
2.509333333333333
2.2213333333333334
3.46
2.5686666666666667
4.196
3.2786666666666666
2.752
3.3013333333333335
2.7626666666666666
4.82
2.740666666666667
4.3213333333333335
3.2046666666666668
1.6026666666666667
2.158
3.2013333333333334
2.6733333333333333
4.15
2.8753333333333333
3.6606666666666667
3.47
1.9766666666666666
3.4446666666666665
4.486666666666666
1.688
3.0773333333333333
2.8606666666666665
3.8013333333333335
1.728
2.3493333333333335
2.72
4.104
5.161333333333333
3.9153333333333333
5.748
4.424
5.613333333333333
4.092
4.022666666666667
6.044
3.546666666666667
5.263333333333334
5.25
2.766
3.248666666666667
4.472666666666667
4.664666666666666
5.374
1.806
3.485333333333333
4.697333333333333
3.7586666666666666
5.169333333333333
4.147333333333333
3.5513333333333335
2.699333333333333
4.894666666666667
3.5193333333333334
4.713333333333333
5.612666666666667
4.642666666666667
4.728666666666666
3.832666666666667
3.9113333333333333
4.957333333333334
3.513333333333333
5.075333333333333
3.7986666666666666
3.9446666666666665
3.6
6.524666666666667
4.258
5.896
5.247333333333334
5.33
3.0046666666666666
4.725333333333333
5.278
5.578666666666667
3.108
3.8533333333333335
5.492
3.6633333333333336
4.212
3.0926666666666667
4.512
6.386666666666667
4.184
4.134
4.675333333333334
6.92
7.116666666666666
4.710666666666667
5.38
4.9
5.238666666666667
3.21
3.24
6.394
4.784666666666666
3.687333333333333
6.881333333333333
4.868666666666667
8.079333333333333
5.1066666666666665
5.55
3.256666666666667
4.503333333333333
6.838666666666667
4.370666666666667
3.3873333333333333
5.344
4.333333333333333
6.124
5.316666666666666
6.248666666666667
5.088
5.332
4.370666666666667
6.626666666666667
0.898
2.3513333333333333
1.896
1.5946666666666667
1.5546666666666666
1.302
1.9553333333333334
2.005333333333333
1.404
2.4046666666666665
1.556
0.8966666666666666
1.768
1.5633333333333332
2.452
1.0693333333333332
1.5806666666666667
2.346
1.2193333333333334
1.736
1.5653333333333332
1.124
1.336
2.09
2.2626666666666666
1.822
1.7533333333333334
1.6653333333333333
1.6326666666666667
1.7146666666666666
2.7866666666666666
2.106
2.6186666666666665
4.574666666666666
3.672
2.182
3.93
4.848
4.061333333333334
2.488
1.9473333333333334
2.216
3.656
4.4446666666666665
3.788
1.75
2.3106666666666666
3.8453333333333335
3.4346666666666668
5.276666666666666
3.59
2.2173333333333334
4.373333333333333
4.3
3.816
2.41
3.8513333333333333
4.962666666666666
3.5693333333333332
4.866
3.076
5.8133333333333335
5.902666666666667
4.3373333333333335
5.458666666666667
5.138
5.824666666666666
4.067333333333333
4.22
7.072666666666667
6.226
4.352666666666667
4.605333333333333
6.495333333333333
5.4446666666666665
7.688666666666666
5.216666666666667
3.0273333333333334
5.538666666666667
3.7333333333333334
3.1513333333333335
3.466
4.793333333333333
3.3453333333333335
4.976666666666667
4.376666666666667
3.279333333333333
4.327333333333334
1.9586666666666666
3.8786666666666667
6.642
5.226666666666667
4.657333333333334
5.314666666666667
7.875333333333334
3.94
3.6946666666666665
2.8406666666666665
4.8613333333333335
5.43
6.766666666666667
7.234
7.484
5.655333333333333
8.042
3.429333333333333
4.342666666666666
6.124
5.800666666666666
7.112666666666667
6.746666666666667
4.839333333333333
8.816666666666666
4.958666666666667
4.961333333333333
4.666666666666667
7.137333333333333
5.596
4.788666666666667
8.422666666666666
5.750666666666667
6.120666666666667
4.523333333333333
5.947333333333333
4.952
4.6546666666666665
7.191333333333334
5.252
6.562666666666667
6.471333333333333
4.097333333333333
4.776666666666666
7.02
6.372
7.3453333333333335
7.94
5.903333333333333
4.899333333333334
6.650666666666667
4.704
5.414666666666666
3.868
6.842666666666666
7.474
6.684
6.679333333333333
4.557333333333333
3.7706666666666666
8.043333333333333
4.798
