1.7453333333333334
2.2253333333333334
2.854
2.7546666666666666
2.276
1.678
2.4033333333333333
2.6686666666666667
2.6686666666666667
2.8133333333333335
2.9793333333333334
2.7306666666666666
2.2133333333333334
2.904
2.978666666666667
2.8506666666666667
2.9053333333333335
2.5966666666666667
2.5966666666666667
2.8213333333333335
2.786
2.348
2.723333333333333
2.6373333333333333
2.771333333333333
2.752666666666667
2.236
2.752666666666667
2.8186666666666667
2.8573333333333335
7.968
6.933333333333334
6.91
7.294666666666667
8.33
7.374666666666666
7.397333333333333
5.092
6.096
6.646
7.383333333333334
6.704
7.486666666666666
7.319333333333334
6.378
7.43
6.688666666666666
7.484666666666667
7.480666666666667
8.34
8.546666666666667
7.290666666666667
6.217333333333333
7.907333333333334
7.5
7.56
5.929333333333333
6.528
7.435333333333333
6.245333333333333
8.79
10.705333333333334
10.258
9.822666666666667
8.806
10.828
9.447333333333333
9.699333333333334
10.140666666666666
9.578666666666667
7.505333333333334
9.738
9.832
9.397333333333334
9.052666666666667
8.647333333333334
9.840666666666667
9.370666666666667
9.485333333333333
9.3
9.490666666666666
11.16
9.278
10.324
9.104666666666667
10.398666666666667
10.806
8.599333333333334
10.076
10.641333333333334
2.864
2.1266666666666665
2.203333333333333
2.576
2.492
2.9806666666666666
2.966666666666667
2.5653333333333332
2.776666666666667
2.3686666666666665
2.497333333333333
2.4286666666666665
2.476
2.759333333333333
2.8113333333333332
2.029333333333333
2.4486666666666665
2.268666666666667
2.9713333333333334
2.9553333333333334
1.652
2.3786666666666667
2.5033333333333334
2.832666666666667
2.6
1.8733333333333333
2.922
2.993333333333333
2.9886666666666666
2.9113333333333333
7.3213333333333335
6.680666666666666
6.416666666666667
5.244666666666666
6.249333333333333
6.984
6.266
6.160666666666667
7.476
7.04
6.392666666666667
6.709333333333333
5.723333333333334
7.542
6.570666666666667
6.804666666666667
7.289333333333333
5.339333333333333
7.288666666666667
5.366666666666666
6.592666666666666
7.25
7.060666666666667
7.032
4.505333333333334
7.431333333333333
6.8806666666666665
6.196
6.3293333333333335
6.902666666666667
11.436666666666667
8.338666666666667
7.634666666666667
9.825333333333333
9.682666666666666
10.587333333333333
10.204
10.905333333333333
7.8886666666666665
10.212666666666667
10.750666666666667
10.637333333333334
8.372666666666667
8.887333333333334
10.690666666666667
9.199333333333334
8.683333333333334
9.527333333333333
9.734
9.648
10.912666666666667
11.718
9.466
10.468666666666667
8.768
8.717333333333332
9.388
10.103333333333333
10.339333333333334
6.54
1.5066666666666666
2.195333333333333
2.9886666666666666
2.35
2.28
1.788
2.696
2.8353333333333333
2.518666666666667
1.8566666666666667
2.6686666666666667
1.9533333333333334
2.739333333333333
2.941333333333333
2.148
2.7733333333333334
2.586
2.9246666666666665
2.498
2.332
2.348
2.5286666666666666
2.8626666666666667
2.6526666666666667
1.7173333333333334
2.3933333333333335
2.7006666666666668
1.9373333333333334
2.4833333333333334
2.0993333333333335
6.594666666666667
4.814666666666667
6.971333333333333
6.994
6.814666666666667
6.347333333333333
6.272
7.082
5.972
5.278666666666667
6.586666666666667
5.478
6.61
4.841333333333333
4.612
7.709333333333333
5.387333333333333
6.442666666666667
6.425333333333334
6.570666666666667
6.593333333333334
5.766
5.608
6.507333333333333
7.076
5.959333333333333
6.973333333333334
5.022
5.0793333333333335
6.6786666666666665
8.776666666666667
7.8693333333333335
8.953333333333333
11.111333333333333
8.32
9.314666666666668
10.168666666666667
7.764
9.146
8.200666666666667
10.595333333333333
7.8853333333333335
9.676
9.046
8.23
9.125333333333334
9.857333333333333
8.914
6.899333333333334
7.938
9.104666666666667
10.091333333333333
8.866
9.132
8.945333333333334
8.464
9.182
10.075333333333333
7.539333333333333
8.715333333333334
2.8926666666666665
2.4646666666666666
2.7133333333333334
2.3706666666666667
2.8193333333333332
2.664
2.417333333333333
1.548
2.1446666666666667
2.0326666666666666
2.2466666666666666
2.772
2.7953333333333332
1.5666666666666667
2.8846666666666665
2.24
2.074666666666667
2.7093333333333334
2.1706666666666665
2.0673333333333335
2.098
2.962
2.088
2.9886666666666666
2.8933333333333335
2.6733333333333333
1.6593333333333333
1.6633333333333333
2.272666666666667
2.944
6.899333333333334
6.592666666666666
6.108
6.963333333333333
6.673333333333333
5.378
6.732
6.362666666666667
6.273333333333333
6.088
5.012666666666667
7.526
6.490666666666667
5.474666666666667
6.226666666666667
5.48
7.062666666666667
5.442666666666667
6.112
5.701333333333333
6.227333333333333
6.593333333333334
4.608
6.283333333333333
4.336
4.876666666666667
5.5633333333333335
6.339333333333333
4.8693333333333335
6.3966666666666665
8.864666666666666
8.864
10.496666666666666
9.298
8.692666666666666
9.584
10.518666666666666
8.579333333333333
11.531333333333333
6.3213333333333335
7.576666666666667
7.577333333333334
10.024666666666667
9.910666666666666
9.256666666666666
10.390666666666666
9.592
9.761333333333333
9.296
9.052666666666667
8.188666666666666
8.122666666666667
8.066
9.95
9.177333333333333
7.226
10.599333333333334
8.110666666666667
10.707333333333333
8.191333333333333
2.4266666666666667
2.646
2.7693333333333334
2.8926666666666665
1.7393333333333334
2.284666666666667
1.892
2.207333333333333
1.8486666666666667
2.066666666666667
2.166
1.4413333333333334
1.5113333333333334
2.4206666666666665
2.8986666666666667
1.008
2.9306666666666668
2.576
2.302
2.678
2.1286666666666667
2.5353333333333334
2.4486666666666665
1.99
1.2826666666666666
2.6573333333333333
1.614
1.9273333333333333
2.4233333333333333
2.8146666666666667
6.198666666666667
7.026666666666666
5.748666666666667
6.003333333333333
5.088666666666667
6.883333333333334
6.616
6.825333333333333
6.044666666666667
5.754666666666667
5.269333333333333
6.685333333333333
5.5953333333333335
5.802
6.201333333333333
6.165333333333334
6.226666666666667
4.6066666666666665
6.302666666666667
6.448
6.132
5.827333333333334
7.672666666666666
5.333333333333333
6.558
5.711333333333333
6.38
5.926
5.378
6.1466666666666665
8.301333333333334
10.888666666666667
8.577333333333334
9.034
8.48
8.845333333333333
10.238
10.252666666666666
8.592666666666666
10.833333333333334
10.153333333333334
9.632666666666667
9.980666666666666
7.704666666666666
10.866
8.583333333333334
9.32
7.690666666666667
8.990666666666666
8.936666666666667
9.84
9.972666666666667
8.998666666666667
7.629333333333333
9.001333333333333
9.644
9.604
8.85
10.445333333333334
8.596666666666666
1.9986666666666666
2.986666666666667
1.738
2.7266666666666666
1.774
2.3506666666666667
2.188
1.824
1.918
2.6533333333333333
1.82
2.268666666666667
2.8366666666666664
2.3866666666666667
2.3173333333333335
2.5913333333333335
2.1186666666666665
1.626
2.344
2.37
2.8493333333333335
1.4546666666666668
2.6066666666666665
2.1233333333333335
2.3273333333333333
2.1293333333333333
2.5166666666666666
2.2413333333333334
2.622
2.744
4.783333333333333
4.95
6.3966666666666665
4.8
6.267333333333333
5.363333333333333
5.594
5.825333333333333
6.246
4.327333333333334
6.678
6.760666666666666
6.704
4.47
5.528
5.171333333333333
6.230666666666667
7.200666666666667
5.998666666666667
5.934666666666667
6.060666666666667
6.602666666666667
6.068666666666667
5.975333333333333
4.780666666666667
7.190666666666667
5.417333333333334
6.203333333333333
5.56
7.153333333333333
8.883333333333333
9.2
7.52
7.689333333333333
9.979333333333333
9.866666666666667
9.041333333333334
8.399333333333333
8.246666666666666
7.078666666666667
8.714
8.716
11.258666666666667
8.088
10.162
8.717333333333332
10.034
11.058666666666667
8.871333333333334
8.237333333333334
7.876666666666667
8.852666666666666
11.010666666666667
9.128666666666666
6.851333333333334
9.372
6.1193333333333335
7.666
10.201333333333332
8.256
2.320666666666667
1.1373333333333333
1.8873333333333333
2.692
2.9926666666666666
2.074666666666667
2.278
2.194
2.88
2.574666666666667
2.768
2.406
2.3053333333333335
2.945333333333333
2.3793333333333333
1.9346666666666668
2.8146666666666667
2.719333333333333
1.5713333333333332
2.1626666666666665
2.316666666666667
1.834
2.7053333333333334
2.404
2.408
2.596
2.2906666666666666
2.1526666666666667
2.5313333333333334
2.2306666666666666
5.520666666666667
6.864
6.576
5.525333333333333
5.232
6.8773333333333335
4.578666666666667
5.56
5.743333333333333
5.884666666666667
6.016
5.891333333333334
5.074
5.245333333333333
5.602666666666667
6.308
6.254
6.690666666666667
6.126
5.705333333333333
6.186
4.904
4.088
6.349333333333333
6.042666666666666
7.160666666666667
4.314
4.205333333333333
6.058
6.046666666666667
9.604
7.550666666666666
9.006
9.770666666666667
7.792
9.272666666666666
7.437333333333333
10.544
7.823333333333333
8.601333333333333
9.615333333333334
7.615333333333333
6.062
9.349333333333334
7.792
9.865333333333334
8.655333333333333
9.015333333333333
6.336666666666667
8.010666666666667
8.361333333333333
9.732
6.718666666666667
8.375333333333334
9.903333333333334
9.408
8.721333333333334
9.836666666666666
9.06
8.138666666666667
2.708666666666667
2.667333333333333
2.496
2.4053333333333335
2.446
2.215333333333333
1.96
2.014666666666667
2.522
2.32
1.9993333333333334
2.5953333333333335
1.822
1.8093333333333332
2.8986666666666667
2.604
1.5193333333333334
1.8466666666666667
2.6406666666666667
2.7046666666666668
2.695333333333333
2.2706666666666666
1.9486666666666668
2.326
2.116
2.8533333333333335
2.9286666666666665
1.9153333333333333
1.9433333333333334
2.2006666666666668
7.082666666666666
6.982666666666667
5.6546666666666665
5.544
6.6466666666666665
5.553333333333334
4.868
7.230666666666667
4.788666666666667
5.024666666666667
6.196666666666666
6.494
5.422666666666666
6.37
5.254666666666667
7.236666666666666
6.088
5.769333333333333
6.3966666666666665
5.888
5.747333333333334
4.964666666666667
5.86
7.1033333333333335
7.844666666666667
5.279333333333334
5.769333333333333
6.592
5.694
5.822666666666667
8.933333333333334
7.254666666666667
9.420666666666667
10.135333333333334
10.192666666666666
9.375333333333334
8.578
10.154666666666667
10.350666666666667
9.332666666666666
8.415333333333333
8.513333333333334
9.661333333333333
8.301333333333334
6.736666666666666
9.94
9.612
8.419333333333332
8.07
11.267333333333333
7.99
8.241333333333333
9.776
6.628
8.908
9.130666666666666
7.965333333333334
8.784
8.596
9.748
2.03
1.564
2.3673333333333333
2.082
2.7413333333333334
2.3606666666666665
2.3113333333333332
2.187333333333333
2.002666666666667
2.76
1.384
2.537333333333333
2.8793333333333333
1.5413333333333334
1.876
2.8473333333333333
2.6273333333333335
2.6686666666666667
2.526
2.11
2.426
2.436
2.062
1.308
1.3773333333333333
2.188
2.3626666666666667
2.946
2.432
2.4446666666666665
7.366666666666666
4.640666666666666
6.4446666666666665
6.447333333333333
5.732
4.026
5.825333333333333
6.434666666666667
5.374
7.314666666666667
6.244
6.892
5.122
5.839333333333333
6.386666666666667
5.740666666666667
6.116666666666666
5.894
5.934
4.67
5.87
7.118
7.293333333333333
6.029333333333334
6.301333333333333
5.991333333333333
7.230666666666667
6.076
6.146
5.440666666666667
9.744
10.194666666666667
9.312
9.193333333333333
9.230666666666666
10.204666666666666
8.809333333333333
10.934
8.358666666666666
9.186
8.358666666666666
7.823333333333333
7.992
7.316
8.348666666666666
8.062666666666667
7.258666666666667
7.1386666666666665
7.536666666666667
9.853333333333333
10.73
6.641333333333334
6.687333333333333
7.594
7.61
10.540666666666667
8.283333333333333
6.998
8.563333333333333
6.1066666666666665
2.6413333333333333
1.8133333333333332
2.9713333333333334
2.703333333333333
2.3173333333333335
2.3513333333333333
2.466666666666667
2.1373333333333333
2.45
2.174
2.278
2.5766666666666667
2.35
1.2773333333333334
1.9593333333333334
2.4086666666666665
2.4146666666666667
2.26
2.5933333333333333
2.4513333333333334
2.294
1.3446666666666667
2.1333333333333333
2.1393333333333335
2.727333333333333
2.9513333333333334
1.7453333333333334
2.532
2.1346666666666665
2.632
5.758
6.612
7.486
6.668
5.482
4.727333333333333
5.684666666666667
5.672
5.323333333333333
5.3933333333333335
6.959333333333333
5.062666666666667
6.406
5.020666666666667
6.054
7.026
5.846666666666667
5.074666666666666
6.423333333333333
5.988
5.46
6.6033333333333335
4.993333333333333
6.416666666666667
7.168666666666667
5.1626666666666665
5.989333333333334
5.967333333333333
5.632666666666666
6.471333333333333
5.690666666666667
7.28
9.681333333333333
9.925333333333333
8.598666666666666
7.522666666666667
6.802666666666667
9.732
7.474
9.205333333333334
8.985333333333333
8.606
8.568
9.477333333333334
8.52
9.718666666666667
8.709333333333333
8.871333333333334
9.152666666666667
7.661333333333333
10.399333333333333
8.833333333333334
8.806666666666667
7.037333333333334
9.895333333333333
7.562666666666667
8.852666666666666
7.036
5.239333333333334
8.628
final array: [6.47, 6.26, 5.84, 5.85, 5.86, 5.66, 5.57, 5.77, 5.6, 5.56]
