2.206
2.004
2.976
2.8806666666666665
2.018666666666667
2.7213333333333334
2.8606666666666665
2.5046666666666666
2.1406666666666667
2.8806666666666665
2.9426666666666668
2.938
2.9193333333333333
2.417333333333333
2.8706666666666667
2.9466666666666668
2.972
2.984
2.99
2.558666666666667
2.8786666666666667
2.989333333333333
2.836
1.424
2.83
2.974666666666667
2.6706666666666665
2.5673333333333335
2.212
2.6346666666666665
6.667333333333334
6.763333333333334
6.141333333333334
7.005333333333334
5.943333333333333
5.304
5.446
5.267333333333333
6.226
6.722666666666667
6.775333333333333
6.490666666666667
5.605333333333333
7.816
4.999333333333333
4.874
6.6466666666666665
6.462
5.92
5.634666666666667
6.054666666666667
5.282
7.594
7.421333333333333
5.244666666666666
5.744
6.88
6.002666666666666
5.992
6.728666666666666
9.201333333333332
7.746
10.51
8.257333333333333
9.950666666666667
10.878666666666666
11.631333333333334
10.086
10.866666666666667
11.437333333333333
9.298
9.234
10.130666666666666
8.992666666666667
10.953333333333333
9.173333333333334
10.146
8.084
8.966666666666667
8.808
8.412
8.298
9.018666666666666
9.928
11.134666666666666
9.247333333333334
9.414
9.641333333333334
9.806
9.562
1.872
2.392
2.484
1.926
2.792
3.0
2.993333333333333
2.0486666666666666
2.8626666666666667
2.4846666666666666
2.962
1.89
2.8753333333333333
2.4346666666666668
2.9433333333333334
2.984
2.6893333333333334
2.172
2.8606666666666665
2.9426666666666668
2.756666666666667
2.513333333333333
2.751333333333333
2.3453333333333335
2.949333333333333
1.6226666666666667
1.9326666666666668
2.2053333333333334
2.6653333333333333
2.944
5.474
5.4526666666666666
4.799333333333333
5.936
3.8993333333333333
6.476
7.804
5.3406666666666665
8.081333333333333
6.676666666666667
6.882
6.851333333333334
6.548
6.1946666666666665
5.102666666666667
6.312
7.715333333333334
7.018
5.504
5.529333333333334
5.120666666666667
6.414666666666666
6.1306666666666665
4.5953333333333335
5.113333333333333
7.484
6.580666666666667
6.394666666666667
7.51
5.873333333333333
10.311333333333334
9.545333333333334
8.069333333333333
11.186666666666667
8.770666666666667
8.192666666666666
8.365333333333334
8.844
10.872
7.854
8.448666666666666
11.026666666666667
7.892666666666667
8.582
10.074666666666667
10.388666666666667
7.1593333333333335
10.368666666666666
7.93
8.09
10.429333333333334
9.584666666666667
8.18
8.458666666666666
10.771333333333333
8.470666666666666
7.900666666666667
11.036
10.926
8.434
1.9933333333333334
2.941333333333333
2.926
1.484
2.332
2.872
2.162
2.224
2.64
1.6306666666666667
2.465333333333333
2.0753333333333335
2.0
2.6193333333333335
2.038666666666667
2.114
1.964
2.988
2.4226666666666667
2.998666666666667
2.986
1.85
2.6806666666666668
2.336
2.082
2.6613333333333333
2.001333333333333
2.9646666666666666
2.872
2.6733333333333333
6.49
5.7973333333333334
6.954666666666666
6.046666666666667
6.04
5.937333333333333
6.755333333333334
7.065333333333333
6.412
7.802
6.97
5.838666666666667
6.1706666666666665
5.610666666666667
7.644666666666667
6.304666666666667
3.780666666666667
3.8233333333333333
6.434666666666667
7.632666666666666
6.453333333333333
6.505333333333334
5.6513333333333335
5.522
5.946
4.676
4.97
5.468666666666667
5.049333333333333
5.034666666666666
7.600666666666666
10.167333333333334
8.112666666666666
8.401333333333334
7.675333333333334
6.475333333333333
9.086
8.507333333333333
8.920666666666667
8.828
7.272666666666667
8.146666666666667
10.116
9.388666666666667
8.941333333333333
7.437333333333333
7.149333333333334
8.267333333333333
8.264666666666667
7.021333333333334
10.694666666666667
7.438666666666666
7.892
10.822666666666667
7.051333333333333
10.234666666666667
11.401333333333334
8.632
8.049333333333333
10.61
2.9046666666666665
2.394
2.211333333333333
2.070666666666667
1.5406666666666666
2.064
3.0
2.8826666666666667
2.9
2.676
1.778
2.684
2.9753333333333334
2.247333333333333
2.2533333333333334
2.922
2.921333333333333
1.5293333333333334
2.864
2.8293333333333335
1.85
2.8593333333333333
2.7146666666666666
2.970666666666667
2.2306666666666666
2.014
2.0846666666666667
2.804
2.703333333333333
2.9066666666666667
3.8526666666666665
3.691333333333333
6.296
5.867333333333334
5.564
5.682
5.883333333333334
6.546666666666667
6.5906666666666665
4.233333333333333
5.999333333333333
4.769333333333333
6.469333333333333
6.24
6.0553333333333335
6.086
5.995333333333333
6.244666666666666
4.883333333333334
6.53
8.097333333333333
4.980666666666667
7.378666666666667
5.875333333333334
4.938666666666666
4.982666666666667
6.883333333333334
5.1306666666666665
5.24
5.233333333333333
6.279333333333334
10.209333333333333
7.532
9.858
8.37
8.704666666666666
9.049333333333333
7.949333333333334
8.332666666666666
9.378666666666666
8.246
10.621333333333334
8.848
9.441333333333333
8.216
9.130666666666666
6.984666666666667
8.486666666666666
7.911333333333333
8.828666666666667
8.333333333333334
7.6066666666666665
7.745333333333333
8.66
8.838666666666667
9.776
9.32
9.93
7.281333333333333
7.482
2.1393333333333335
2.2973333333333334
2.0973333333333333
2.1466666666666665
2.0906666666666665
2.218
2.914
2.816666666666667
2.9286666666666665
2.1866666666666665
2.5366666666666666
2.6213333333333333
2.79
1.0553333333333332
2.9886666666666666
2.5906666666666665
2.0313333333333334
1.4453333333333334
2.022
2.9426666666666668
2.342
2.444
2.779333333333333
2.3866666666666667
2.9326666666666665
2.9133333333333336
2.238
2.324
1.96
1.974
5.6113333333333335
5.609333333333334
4.672
5.484666666666667
7.586666666666667
7.028666666666667
3.402
5.938666666666666
5.8853333333333335
5.462666666666666
5.489333333333334
4.754666666666667
4.211333333333333
7.301333333333333
6.012666666666667
4.955333333333333
5.077333333333334
7.1433333333333335
7.000666666666667
6.1433333333333335
8.308
5.4126666666666665
7.347333333333333
4.330666666666667
7.982666666666667
4.062
4.793333333333333
3.832
5.524
4.431333333333333
11.237333333333334
7.564666666666667
9.461333333333334
9.457333333333333
7.762
9.13
9.315333333333333
9.539333333333333
10.652666666666667
10.473333333333333
9.475333333333333
9.622
11.68
6.419333333333333
7.9
7.655333333333333
9.902666666666667
9.145333333333333
7.3406666666666665
8.506
8.892666666666667
11.038666666666666
8.194666666666667
9.755333333333333
6.723333333333334
8.982666666666667
7.899333333333334
8.238
8.180666666666667
10.816666666666666
1.9546666666666668
1.8313333333333333
1.164
2.537333333333333
1.294
2.8653333333333335
2.9886666666666666
1.8186666666666667
2.1
2.746
2.0046666666666666
2.8953333333333333
2.239333333333333
2.442
2.03
1.9913333333333334
2.9433333333333334
1.9626666666666666
3.0
2.7546666666666666
1.3226666666666667
2.9473333333333334
2.99
2.8893333333333335
3.0
1.9993333333333334
1.9886666666666666
1.85
2.752666666666667
2.208666666666667
6.969333333333333
7.024666666666667
7.0713333333333335
5.308666666666666
8.376666666666667
4.741333333333333
4.938666666666666
5.686
5.168666666666667
6.626
6.564
6.384666666666667
6.065333333333333
5.591333333333333
5.678
6.068666666666667
5.984
6.088
5.413333333333333
5.3406666666666665
5.808666666666666
6.017333333333333
6.424666666666667
7.192666666666667
6.402
3.3746666666666667
5.548
5.497333333333334
6.412
6.583333333333333
8.753333333333334
10.702
7.4093333333333335
8.793333333333333
9.045333333333334
9.608666666666666
7.140666666666666
10.012666666666666
9.888
8.632
8.495333333333333
10.481333333333334
9.791333333333334
8.358666666666666
10.236
8.426666666666666
8.578666666666667
8.034
8.639333333333333
8.726
6.761333333333333
6.852
9.642666666666667
6.488666666666667
7.180666666666666
7.166666666666667
9.815333333333333
9.497333333333334
9.01
7.8486666666666665
2.0086666666666666
2.296666666666667
2.7786666666666666
2.9553333333333334
2.2306666666666666
2.070666666666667
2.4226666666666667
1.0506666666666666
2.751333333333333
2.718
2.0473333333333334
2.8273333333333333
2.6146666666666665
2.272
2.0246666666666666
2.1226666666666665
2.3193333333333332
2.9466666666666668
2.558
2.8713333333333333
2.2866666666666666
2.6466666666666665
2.8993333333333333
2.058666666666667
1.9406666666666668
2.6386666666666665
1.128
2.0866666666666664
2.9526666666666666
1.626
6.913333333333333
6.171333333333333
5.052
6.004666666666667
4.282666666666667
6.786666666666667
6.371333333333333
5.506
6.689333333333333
6.006
5.245333333333333
5.818666666666667
5.123333333333333
7.026666666666666
4.284
7.094
7.496
5.601333333333334
5.577333333333334
4.656666666666666
6.166
6.187333333333333
8.656
6.649333333333334
6.814
5.897333333333333
5.3373333333333335
4.6226666666666665
6.327333333333334
6.683333333333334
7.246
9.64
9.396
8.436666666666667
8.401333333333334
7.839333333333333
7.431333333333333
9.486
8.993333333333334
7.513333333333334
6.996666666666667
7.461333333333333
9.58
6.538
10.543333333333333
7.208666666666667
7.6466666666666665
7.931333333333333
10.026666666666667
7.736
9.698
9.679333333333334
9.268666666666666
6.972
8.659333333333333
9.998
7.677333333333333
9.996666666666666
10.473333333333333
7.838
2.918
1.1213333333333333
2.3173333333333335
2.8406666666666665
1.9446666666666668
1.932
1.978
2.8813333333333335
2.708666666666667
2.6666666666666665
2.8093333333333335
2.481333333333333
2.534
2.848
2.414
2.7253333333333334
2.778
2.308
2.864
2.764666666666667
1.2626666666666666
2.0693333333333332
1.9853333333333334
2.9433333333333334
2.746
1.7366666666666666
2.8033333333333332
2.406
2.96
2.3026666666666666
6.392
5.430666666666666
5.878666666666667
4.236
5.810666666666667
7.45
6.295333333333334
6.495333333333333
5.995333333333333
5.986666666666666
6.726
4.3966666666666665
5.746666666666667
5.05
4.675333333333334
7.152
5.748
7.342666666666666
5.708
5.088666666666667
4.87
6.454
6.092
5.567333333333333
5.394666666666667
6.186
5.836666666666667
6.485333333333333
5.470666666666666
5.816666666666666
6.723333333333334
6.94
8.717333333333332
7.5553333333333335
7.737333333333333
8.561333333333334
8.979333333333333
10.14
7.964
9.679333333333334
6.676
10.652666666666667
7.978666666666666
8.722666666666667
7.454
7.260666666666666
7.418666666666667
9.955333333333334
11.122666666666667
10.878666666666666
6.645333333333333
7.954
9.228
8.874
6.9446666666666665
9.06
9.348666666666666
9.39
9.587333333333333
7.690666666666667
2.284
2.8606666666666665
1.9046666666666667
2.916
2.1346666666666665
1.5153333333333334
2.966666666666667
1.3806666666666667
2.0813333333333333
2.3466666666666667
1.8986666666666667
2.1046666666666667
2.283333333333333
2.0766666666666667
1.9593333333333334
1.75
2.618
2.3846666666666665
1.2286666666666666
2.9646666666666666
2.124
2.39
2.9353333333333333
2.8686666666666665
2.025333333333333
2.433333333333333
2.8113333333333332
1.9586666666666666
2.03
1.8253333333333333
7.634
5.131333333333333
7.229333333333333
7.34
6.231333333333334
5.744
5.935333333333333
6.939333333333333
6.729333333333333
6.574666666666666
5.186
5.4126666666666665
6.842
6.766666666666667
5.666666666666667
4.699333333333334
5.418666666666667
6.336666666666667
5.514
6.75
6.167333333333334
4.902
6.844
4.616
5.4093333333333335
5.868666666666667
3.933333333333333
5.54
6.663333333333333
5.407333333333334
6.7973333333333334
6.699333333333334
9.197333333333333
8.97
6.541333333333333
10.666
9.521333333333333
7.984
9.153333333333334
7.557333333333333
7.448666666666667
8.783333333333333
9.732666666666667
8.765333333333333
7.482666666666667
8.656666666666666
8.632666666666667
7.622
10.198666666666666
5.407333333333334
8.873333333333333
9.586
8.007333333333333
8.586
8.430666666666667
8.89
7.414666666666666
6.427333333333333
8.768666666666666
8.805333333333333
2.9126666666666665
2.965333333333333
2.775333333333333
2.0
2.6946666666666665
1.114
1.854
1.48
2.7973333333333334
1.786
1.684
2.1066666666666665
2.2466666666666666
2.262
2.704
1.8746666666666667
1.178
1.946
1.9813333333333334
2.3813333333333335
1.1073333333333333
2.0233333333333334
2.8733333333333335
2.7386666666666666
1.074
2.13
1.5293333333333334
2.0653333333333332
1.1573333333333333
2.226
4.933333333333334
6.354
6.866666666666666
5.986
6.968
5.276
7.011333333333333
5.806666666666667
5.9093333333333335
4.450666666666667
6.753333333333333
6.084666666666666
6.197333333333333
4.182
6.359333333333334
5.690666666666667
6.525333333333333
5.691333333333334
6.424
3.787333333333333
6.762666666666667
5.125333333333334
6.842
4.350666666666666
4.274666666666667
6.471333333333333
7.096
6.795333333333334
7.136
4.1466666666666665
9.497333333333334
8.031333333333333
6.534666666666666
7.6146666666666665
8.543333333333333
10.048
8.352666666666666
9.828
10.244
6.636
9.233333333333333
7.8486666666666665
6.878666666666667
8.158
9.642666666666667
8.04
9.548666666666668
7.530666666666667
8.728666666666667
9.37
7.024666666666667
7.702
8.286
9.917333333333334
9.754
5.875333333333334
8.542666666666667
8.246666666666666
7.368666666666667
8.122666666666667
final array: [6.16, 5.97, 5.68, 5.6, 5.7, 5.67, 5.64, 5.61, 5.51, 5.43]
