0.5746666666666667
0.0
0.43333333333333335
0.009333333333333334
1.0786666666666667
0.582
0.406
0.6613333333333333
0.15866666666666668
0.664
0.7653333333333333
0.692
0.0
0.9433333333333334
0.0
0.326
0.30733333333333335
0.6873333333333334
1.296
0.664
0.9926666666666667
0.376
0.025333333333333333
0.794
0.988
0.76
0.9593333333333334
0.7313333333333333
1.0226666666666666
0.4086666666666667
0.7546666666666667
2.22
2.416
1.7266666666666666
2.066
1.698
1.844
1.628
1.9646666666666666
1.5766666666666667
0.67
1.9853333333333334
2.006
1.3746666666666667
1.7773333333333334
0.956
1.3193333333333332
2.246
1.428
2.1766666666666667
0.9553333333333334
1.822
2.2333333333333334
2.562
1.5653333333333332
1.682
1.0833333333333333
1.5546666666666666
1.4286666666666668
2.1846666666666668
1.6293333333333333
2.497333333333333
2.288
1.9586666666666666
1.676
1.668
2.014666666666667
1.8386666666666667
2.1093333333333333
1.802
1.1686666666666667
2.082666666666667
1.708
1.0726666666666667
1.958
1.8226666666666667
2.006666666666667
1.6306666666666667
1.4833333333333334
1.5273333333333334
0.8666666666666667
1.4206666666666667
1.6886666666666668
2.2346666666666666
2.546
1.112
2.2613333333333334
1.9393333333333334
2.068
2.222
2.671333333333333
2.7546666666666666
1.3233333333333333
1.6673333333333333
2.6153333333333335
2.56
1.6
2.5086666666666666
1.6693333333333333
2.082
1.27
1.7973333333333332
2.38
1.2846666666666666
2.436
1.7606666666666666
2.622
1.9786666666666666
2.542
1.0086666666666666
2.4833333333333334
2.0406666666666666
1.666
1.8093333333333332
0.774
1.9533333333333334
1.9806666666666666
1.52
1.73
2.501333333333333
2.2146666666666666
1.9253333333333333
2.3813333333333335
1.254
1.5473333333333332
1.7066666666666668
2.678
2.5453333333333332
2.1553333333333335
1.7366666666666666
1.8786666666666667
1.606
2.6053333333333333
2.3513333333333333
2.212666666666667
2.518
2.0653333333333332
2.202
2.3773333333333335
1.832
2.220666666666667
2.2773333333333334
1.036
2.1466666666666665
2.274
1.8413333333333333
2.2413333333333334
1.454
2.3346666666666667
1.6286666666666667
1.9253333333333333
0.998
1.614
1.6566666666666667
1.3953333333333333
1.1346666666666667
1.5713333333333332
1.8746666666666667
1.4786666666666666
1.148
1.8273333333333333
0.912
1.0133333333333334
0.9233333333333333
0.746
0.7966666666666666
1.4193333333333333
1.2833333333333334
0.7886666666666666
1.2406666666666666
1.0033333333333334
1.6873333333333334
0.8293333333333334
1.9153333333333333
1.348
1.468
1.6893333333333334
1.1793333333333333
1.0893333333333333
1.152
2.604
3.0966666666666667
3.686
2.372
2.934
3.7186666666666666
3.5926666666666667
2.012
2.727333333333333
3.328
2.4186666666666667
3.534666666666667
2.1633333333333336
3.541333333333333
2.64
3.6486666666666667
3.168
2.8333333333333335
2.756666666666667
3.764
1.9033333333333333
3.3386666666666667
3.0
1.9933333333333334
2.2026666666666666
3.3853333333333335
2.1686666666666667
2.308666666666667
3.11
4.188
3.362
4.721333333333333
4.53
4.350666666666666
3.493333333333333
4.366
4.5
3.2146666666666666
4.422666666666666
2.57
3.876
4.578666666666667
4.166666666666667
3.334
3.804
4.486666666666666
4.1626666666666665
4.448666666666667
3.433333333333333
3.283333333333333
4.966
4.424666666666667
3.9593333333333334
2.7933333333333334
2.04
5.271333333333334
3.486
3.066
2.8033333333333332
4.759333333333333
4.6946666666666665
5.422666666666666
5.558666666666666
4.585333333333334
4.47
5.02
4.599333333333333
4.8373333333333335
4.120666666666667
3.8926666666666665
4.701333333333333
5.636666666666667
4.755333333333334
3.5886666666666667
4.468666666666667
4.006666666666667
4.22
5.28
5.828666666666667
4.8293333333333335
5.344
5.747333333333334
4.165333333333334
4.463333333333333
5.030666666666667
6.249333333333333
3.926
4.740666666666667
4.932666666666667
3.884
4.706666666666667
6.03
4.548666666666667
4.552666666666667
5.2026666666666666
4.108
6.217333333333333
3.973333333333333
3.735333333333333
4.417333333333334
5.809333333333333
5.632
5.085333333333334
5.91
6.1513333333333335
5.618
5.387333333333333
4.081333333333333
5.083333333333333
6.3806666666666665
5.995333333333333
6.198
5.798666666666667
4.776
4.946
4.4093333333333335
4.956
4.9286666666666665
4.974666666666667
4.244666666666666
1.7173333333333334
1.9953333333333334
1.8366666666666667
1.1653333333333333
1.472
1.988
1.902
1.5146666666666666
1.406
1.6733333333333333
1.488
1.822
1.6666666666666667
1.7986666666666666
1.6866666666666668
2.036
2.0933333333333333
1.6186666666666667
2.6273333333333335
1.7126666666666666
1.7346666666666666
1.746
1.9166666666666667
0.8113333333333334
0.8513333333333334
1.818
2.2493333333333334
1.554
0.9913333333333333
1.7266666666666666
4.016
4.322
3.452
3.4726666666666666
4.548
3.862
3.219333333333333
3.698
5.276
3.9246666666666665
4.589333333333333
5.082
2.4326666666666665
3.308666666666667
3.5593333333333335
4.567333333333333
3.8313333333333333
3.568
4.066
3.848
3.8506666666666667
3.156
4.308
4.31
4.974
4.1353333333333335
2.6906666666666665
3.238
2.2426666666666666
3.1433333333333335
6.724666666666667
4.6513333333333335
6.593333333333334
4.859333333333334
4.366
4.828
5.311333333333334
5.277333333333333
6.011333333333333
5.06
5.419333333333333
4.148
6.642
5.078666666666667
5.438666666666666
4.56
4.65
3.628
5.4
5.73
6.007333333333333
5.068
5.319333333333334
4.625333333333334
4.991333333333333
4.562
5.469333333333333
4.388
5.783333333333333
7.1306666666666665
7.158
5.846666666666667
5.637333333333333
6.436
6.768666666666666
7.035333333333333
4.342
6.647333333333333
6.250666666666667
7.464
6.843333333333334
5.035333333333333
7.164
7.514
5.499333333333333
6.246
6.378666666666667
6.275333333333333
6.6866666666666665
6.28
6.524
6.414666666666666
4.067333333333333
6.754666666666667
6.789333333333333
5.285333333333333
7.099333333333333
6.356
4.339333333333333
6.169333333333333
5.352
7.342
7.224666666666667
5.4046666666666665
7.47
7.375333333333334
9.849333333333334
8.461333333333334
7.578666666666667
6.325333333333333
8.01
7.176666666666667
6.372
8.09
9.331333333333333
7.687333333333333
6.978666666666666
7.271333333333334
7.472
7.27
5.454
7.688
7.462
7.4013333333333335
6.796
7.432
8.296
6.522666666666667
6.946666666666666
7.538666666666667
1.8626666666666667
1.9686666666666666
1.4193333333333333
1.124
2.1126666666666667
1.9293333333333333
1.694
1.4966666666666666
1.9313333333333333
2.2493333333333334
2.328
1.81
1.9486666666666668
2.3013333333333335
1.7646666666666666
2.18
1.5553333333333332
1.5133333333333334
1.618
1.4946666666666666
2.3253333333333335
2.013333333333333
1.93
1.5886666666666667
2.216
2.1406666666666667
1.3306666666666667
1.5553333333333332
1.5533333333333332
2.074666666666667
4.046666666666667
3.032
4.298666666666667
3.972
5.048666666666667
3.5753333333333335
3.368
3.7986666666666666
3.4913333333333334
3.934
4.932
4.029333333333334
4.721333333333333
4.489333333333334
3.1853333333333333
3.718
5.49
3.8733333333333335
3.792
4.6226666666666665
4.838
3.768
4.266666666666667
4.260666666666666
4.705333333333333
5.160666666666667
5.42
5.238666666666667
4.868
3.3413333333333335
6.645333333333333
5.786
6.851333333333334
4.89
4.481333333333334
7.128
6.160666666666667
7.246666666666667
6.8133333333333335
5.912
5.156666666666666
4.906666666666666
6.51
4.276666666666666
5.732
5.727333333333333
5.445333333333333
5.642
6.456
5.602666666666667
6.4366666666666665
5.995333333333333
6.762
7.164
6.760666666666666
5.8533333333333335
6.038666666666667
7.443333333333333
7.028
7.218666666666667
6.34
8.673333333333334
7.490666666666667
9.402666666666667
6.410666666666667
7.149333333333334
9.284
9.890666666666666
7.604
9.006666666666666
8.285333333333334
9.013333333333334
7.3773333333333335
8.167333333333334
6.4206666666666665
7.512
4.222
7.58
8.675333333333333
7.5633333333333335
7.537333333333334
7.054666666666667
9.730666666666666
6.49
7.679333333333333
8.52
6.575333333333333
8.208
9.016
6.870666666666667
9.386
8.857333333333333
9.686666666666667
9.540666666666667
7.502
8.21
10.018666666666666
7.666
7.804666666666667
9.480666666666666
7.148
7.839333333333333
9.634666666666666
8.676666666666666
7.418666666666667
8.542
9.334666666666667
8.005333333333333
8.304666666666666
7.814666666666667
7.700666666666667
6.513333333333334
6.12
8.136666666666667
9.562
8.614
7.735333333333333
10.600666666666667
7.542
10.150666666666666
1.5906666666666667
2.082666666666667
3.3393333333333333
1.2246666666666666
1.8806666666666667
2.166
1.9346666666666668
2.6466666666666665
1.6526666666666667
2.484
2.0086666666666666
2.488
1.826
1.66
2.1593333333333335
1.4966666666666666
2.006
2.1686666666666667
1.764
2.2853333333333334
2.518666666666667
2.1433333333333335
2.3566666666666665
1.666
1.7673333333333334
1.3806666666666667
3.462
2.6786666666666665
1.758
1.8633333333333333
5.528
4.074
4.63
4.1706666666666665
4.918
3.658
4.114
4.1353333333333335
6.042666666666666
3.834
4.621333333333333
5.206666666666667
6.031333333333333
3.89
5.700666666666667
6.052
4.204666666666666
4.216
4.902666666666667
5.318666666666667
5.394666666666667
4.202
5.256
5.824666666666666
5.4446666666666665
3.692
4.683333333333334
5.174
5.8726666666666665
6.362
7.446666666666666
5.1706666666666665
6.695333333333333
6.835333333333334
6.052666666666667
7.732
7.464
5.942
6.9126666666666665
8.28
7.586666666666667
5.008
6.003333333333333
5.766
9.456
7.640666666666666
9.686666666666667
8.791333333333334
8.096666666666666
8.266
8.833333333333334
7.507333333333333
7.3486666666666665
8.706
7.336666666666667
5.701333333333333
7.207333333333334
6.539333333333333
8.648
5.6593333333333335
10.336666666666666
7.448666666666667
7.614
8.152
9.181333333333333
8.621333333333334
7.988666666666667
8.795333333333334
7.35
8.3
9.073333333333334
8.114
6.624
7.23
8.112
8.769333333333334
7.92
8.459333333333333
8.586666666666666
10.672
8.287333333333333
6.456666666666667
6.97
9.379333333333333
7.184666666666667
7.207333333333334
8.105333333333334
7.6433333333333335
9.712666666666667
8.064
10.127333333333333
11.627333333333333
9.104666666666667
9.186666666666667
11.43
8.299333333333333
10.006
9.755333333333333
12.908
9.148666666666667
8.124666666666666
10.252666666666666
8.336666666666666
9.438666666666666
9.028
10.294666666666666
9.269333333333334
12.056
10.987333333333334
10.042
11.178666666666667
9.800666666666666
7.984
8.539333333333333
12.686666666666667
10.414666666666667
9.396666666666667
9.377333333333333
10.349333333333334
10.174666666666667
0.0
1.6706666666666667
0.828
0.592
1.0773333333333333
0.606
0.6506666666666666
0.22333333333333333
0.8866666666666667
0.08866666666666667
0.22533333333333333
0.66
0.4533333333333333
0.42
0.726
0.30733333333333335
0.634
0.486
0.9006666666666666
0.39866666666666667
0.9646666666666667
1.3553333333333333
0.834
0.712
0.6553333333333333
0.9746666666666667
1.0833333333333333
0.14133333333333334
0.0
0.35533333333333333
0.7973333333333333
0.208
1.11
1.6426666666666667
0.8586666666666667
1.5913333333333333
2.1186666666666665
1.1813333333333333
1.4953333333333334
1.1573333333333333
0.934
1.402
1.18
1.8746666666666667
1.5033333333333334
1.5006666666666666
1.754
1.844
1.866
0.9133333333333333
1.636
1.1986666666666668
1.11
1.578
1.014
1.558
0.8753333333333333
0.4033333333333333
0.968
0.20533333333333334
2.1493333333333333
2.118
0.8953333333333333
1.7693333333333334
1.6353333333333333
0.6053333333333333
1.2426666666666666
0.096
1.5893333333333333
1.038
0.138
1.3693333333333333
1.5233333333333334
1.3373333333333333
1.624
1.3666666666666667
1.4886666666666666
1.9833333333333334
1.1486666666666667
1.43
1.6273333333333333
1.8726666666666667
1.9
0.8986666666666666
1.0106666666666666
1.84
1.076
1.0593333333333332
1.9546666666666668
2.0406666666666666
0.8466666666666667
1.2393333333333334
2.54
1.4433333333333334
2.3473333333333333
1.386
2.308666666666667
1.6933333333333334
1.7553333333333334
0.5973333333333334
1.6986666666666668
1.556
2.0233333333333334
1.6173333333333333
1.0766666666666667
1.236
1.0166666666666666
2.017333333333333
1.486
1.9333333333333333
2.86
0.26666666666666666
1.0393333333333334
1.6666666666666667
1.1826666666666668
2.3466666666666667
1.5166666666666666
2.183333333333333
1.026
1.5826666666666667
2.774
2.9126666666666665
0.756
2.082
1.9666666666666666
2.078666666666667
2.054666666666667
2.255333333333333
2.787333333333333
1.0506666666666666
1.5986666666666667
1.7506666666666666
1.4046666666666667
0.9226666666666666
2.699333333333333
2.3293333333333335
2.15
0.9106666666666666
1.6466666666666667
1.332
2.0913333333333335
1.566
1.094
1.0233333333333334
2.0446666666666666
1.2133333333333334
1.8973333333333333
1.2573333333333334
1.2893333333333334
2.158
0.8186666666666667
1.3793333333333333
1.138
1.16
0.9813333333333333
1.1713333333333333
0.9826666666666667
1.052
0.7786666666666666
1.374
0.578
2.118
1.1713333333333333
1.0026666666666666
1.3153333333333332
1.6953333333333334
1.512
0.674
1.5973333333333333
1.25
1.6826666666666668
0.318
1.324
1.0673333333333332
0.418
0.47533333333333333
0.978
1.388
0.9746666666666667
0.9426666666666667
3.002
1.9533333333333334
1.5913333333333333
2.5433333333333334
2.584
2.3846666666666665
3.18
3.1906666666666665
2.916
2.436
2.434
2.7306666666666666
3.554666666666667
2.034666666666667
2.332666666666667
2.6466666666666665
1.0826666666666667
2.8686666666666665
2.572
2.8766666666666665
2.566
3.564
1.624
2.65
2.6406666666666667
1.816
2.287333333333333
3.1073333333333335
2.1573333333333333
1.1593333333333333
2.8966666666666665
1.914
3.1493333333333333
3.791333333333333
3.6193333333333335
2.4846666666666666
2.183333333333333
2.32
4.544666666666667
3.98
2.958
2.969333333333333
3.1066666666666665
3.28
3.166
3.506666666666667
3.506
3.433333333333333
3.172
4.246666666666667
3.598
4.492666666666667
3.3273333333333333
4.275333333333333
3.2813333333333334
2.91
1.5846666666666667
2.042666666666667
3.3693333333333335
3.626
3.462666666666667
3.078
3.0953333333333335
3.462
4.204666666666666
4.188
3.4513333333333334
4.686
2.494
4.503333333333333
4.289333333333333
3.5846666666666667
4.742666666666667
4.745333333333333
4.265333333333333
4.019333333333333
2.944
4.544666666666667
3.648
3.778
4.956
5.310666666666667
4.534
5.273333333333333
4.352
3.916
4.031333333333333
2.8393333333333333
3.0886666666666667
3.711333333333333
3.958
3.97
5.204
3.6546666666666665
3.8546666666666667
4.815333333333333
3.566
3.404
4.497333333333334
4.213333333333333
4.443333333333333
2.7953333333333332
3.5686666666666667
3.489333333333333
3.6933333333333334
2.954
3.606
4.39
4.448
4.315333333333333
4.653333333333333
4.622
4.285333333333333
4.469333333333333
4.156666666666666
4.39
4.026
4.787333333333334
3.4753333333333334
3.3706666666666667
1.7926666666666666
1.074
1.034
1.664
1.5593333333333332
1.1006666666666667
1.098
0.8186666666666667
1.1386666666666667
1.3553333333333333
1.3253333333333333
1.11
1.0793333333333333
1.262
0.7193333333333334
2.45
1.0626666666666666
1.804
1.3713333333333333
1.0793333333333333
1.3293333333333333
2.0646666666666667
1.1413333333333333
1.042
1.5593333333333332
1.238
0.7213333333333334
1.156
0.642
1.6626666666666667
3.0726666666666667
4.339333333333333
3.1313333333333335
2.787333333333333
4.073333333333333
2.429333333333333
3.4686666666666666
2.456
3.0166666666666666
3.6126666666666667
3.234
4.726
3.398
3.2986666666666666
3.87
2.961333333333333
3.062666666666667
2.8666666666666667
3.14
2.798
2.9926666666666666
2.4206666666666665
3.138
3.6693333333333333
3.8333333333333335
2.3113333333333332
3.5613333333333332
3.8886666666666665
3.1546666666666665
3.5493333333333332
4.007333333333333
5.894
4.968
5.339333333333333
3.456
3.452
5.476666666666667
3.4506666666666668
4.882
4.917333333333334
2.314
5.0906666666666665
4.398
5.577333333333334
4.524
5.725333333333333
3.1373333333333333
5.398
3.576
3.5486666666666666
2.966
3.936
4.974666666666667
3.8526666666666665
3.62
4.29
2.482
4.172
4.278666666666667
4.542
4.16
5.484666666666667
4.778666666666667
4.294666666666667
5.795333333333334
3.35
3.728666666666667
4.872
4.363333333333333
6.6
5.334666666666666
5.988
5.516666666666667
3.528
3.3406666666666665
4.8773333333333335
5.266666666666667
3.9
4.802666666666667
4.3693333333333335
4.564
5.365333333333333
6.153333333333333
3.820666666666667
5.9526666666666666
5.246
4.166666666666667
6.504666666666667
5.4093333333333335
5.358666666666666
4.938
5.757333333333333
5.399333333333334
5.8566666666666665
6.668
7.496
6.3806666666666665
3.7746666666666666
5.510666666666666
4.733333333333333
6.296
6.212
5.342
7.150666666666667
6.226666666666667
6.323333333333333
5.021333333333334
4.687333333333333
6.42
6.830666666666667
6.136666666666667
5.7
4.751333333333333
6.916666666666667
5.434
4.68
4.003333333333333
7.180666666666666
7.554
6.323333333333333
1.3526666666666667
1.7453333333333334
2.037333333333333
1.7313333333333334
0.8393333333333334
1.1446666666666667
1.076
1.674
1.466
0.9273333333333333
1.4346666666666668
1.4506666666666668
1.794
2.046666666666667
1.352
1.22
1.53
2.182
1.65
1.09
1.2406666666666666
1.4373333333333334
1.3046666666666666
2.018666666666667
1.966
0.6973333333333334
1.7826666666666666
1.5673333333333332
1.5593333333333332
1.0646666666666667
4.8053333333333335
2.6686666666666667
3.722
4.08
3.476
3.0473333333333334
3.342
3.332
3.9066666666666667
4.284666666666666
4.156666666666666
4.346666666666667
5.224
2.8053333333333335
4.684
3.938
4.14
3.493333333333333
2.43
4.302666666666667
3.604
3.7266666666666666
4.839333333333333
4.747333333333334
2.382
4.148
3.4513333333333334
3.476
3.3673333333333333
4.453333333333333
5.7
5.134666666666667
5.243333333333333
4.200666666666667
4.7026666666666666
3.72
5.676666666666667
3.4193333333333333
4.475333333333333
6.553333333333334
4.427333333333333
3.719333333333333
3.736666666666667
4.428
5.003333333333333
6.486666666666666
4.388
5.503333333333333
4.165333333333334
4.819333333333334
7.034
6.104
6.06
5.664666666666666
4.554
3.306
6.310666666666667
4.41
3.712
4.982666666666667
7.834666666666666
4.384
6.584
7.980666666666667
4.798666666666667
7.724
5.347333333333333
6.801333333333333
6.5
5.956666666666667
5.916
7.1433333333333335
4.44
8.522666666666666
5.986
6.274666666666667
6.301333333333333
3.886
6.038
7.211333333333333
5.672
5.692666666666667
6.322
6.198666666666667
5.018666666666666
5.666666666666667
3.008
5.752666666666666
6.476666666666667
6.979333333333333
5.222666666666667
6.198
7.668
6.827333333333334
8.122
7.496666666666667
8.020666666666667
5.32
9.003333333333334
6.894666666666667
9.225333333333333
7.053333333333334
7.826
8.216666666666667
8.551333333333334
6.698666666666667
5.999333333333333
6.856
7.86
6.022666666666667
6.810666666666667
6.638
7.742
7.140666666666666
6.954
6.352
6.85
7.942666666666667
6.351333333333334
6.218666666666667
2.026666666666667
1.9633333333333334
2.006666666666667
0.5546666666666666
1.3213333333333332
2.128
1.762
1.4446666666666668
1.166
1.3646666666666667
2.024
1.5786666666666667
2.06
1.8946666666666667
2.05
2.6686666666666667
1.2513333333333334
1.5213333333333334
1.5293333333333334
1.2426666666666666
2.3273333333333333
1.768
2.64
2.0233333333333334
1.3326666666666667
1.1766666666666667
2.2013333333333334
1.9686666666666666
1.8833333333333333
1.9866666666666666
4.6786666666666665
4.516
4.406666666666666
3.1186666666666665
3.494
4.884
5.712
5.102
3.952
4.066666666666666
3.714
7.066
5.726666666666667
3.5566666666666666
4.596666666666667
3.3993333333333333
4.604666666666667
4.132
5.3693333333333335
4.1066666666666665
4.972666666666667
4.497333333333334
4.854
3.692
4.219333333333333
5.389333333333333
4.97
2.8853333333333335
3.8533333333333335
4.252666666666666
4.784
6.445333333333333
5.898
7.028
4.511333333333333
6.414
5.275333333333333
5.335333333333334
8.477333333333334
4.648
8.465333333333334
3.596
4.692
6.458666666666667
7.141333333333334
8.020666666666667
3.8986666666666667
5.292666666666666
6.23
6.941333333333334
3.820666666666667
7.234666666666667
5.28
6.192
7.978666666666666
5.298666666666667
6.29
7.586666666666667
5.8453333333333335
4.760666666666666
7.354
7.792
9.858666666666666
8.377333333333333
8.214666666666666
8.186666666666667
7.158
7.470666666666666
5.541333333333333
7.224
7.244
7.464
6.266666666666667
7.823333333333333
6.882666666666666
9.302
8.714666666666666
8.890666666666666
9.245333333333333
3.8106666666666666
7.916
9.983333333333333
7.539333333333333
6.584666666666666
8.636666666666667
8.244666666666667
7.416
10.487333333333334
5.9206666666666665
7.972
6.44
9.481333333333334
11.19
7.890666666666666
11.007333333333333
9.457333333333333
7.97
8.130666666666666
6.219333333333333
7.354666666666667
8.044
10.377333333333333
8.44
7.955333333333333
7.768
7.942666666666667
5.442666666666667
7.136666666666667
7.444
6.958666666666667
8.054
10.09
9.648666666666667
9.334666666666667
7.294666666666667
7.6433333333333335
9.160666666666666
6.626
5.975333333333333
8.654
0.988
0.45
0.244
0.222
0.632
0.6533333333333333
0.13
0.35
0.18733333333333332
0.0
0.6006666666666667
0.374
0.7066666666666667
0.13933333333333334
0.8086666666666666
1.0693333333333332
0.3446666666666667
0.41933333333333334
0.39066666666666666
0.252
0.576
0.974
0.32866666666666666
0.8346666666666667
0.766
0.7213333333333334
0.5946666666666667
0.12666666666666668
0.037333333333333336
0.44133333333333336
1.0706666666666667
1.034
0.712
2.384
1.3973333333333333
1.2
0.4013333333333333
1.01
1.4866666666666666
0.7046666666666667
0.8346666666666667
1.864
0.952
0.986
0.3893333333333333
0.974
0.9386666666666666
0.8313333333333334
1.6533333333333333
0.834
0.362
1.7693333333333334
1.6493333333333333
0.74
1.824
0.698
0.0
1.3333333333333333
0.7213333333333334
0.5333333333333333
1.712
1.32
1.2526666666666666
2.1446666666666667
1.2206666666666666
1.7093333333333334
1.7026666666666668
1.0993333333333333
1.338
1.02
1.9273333333333333
0.8826666666666667
1.896
0.9266666666666666
1.1446666666666667
2.3066666666666666
1.5513333333333332
0.542
1.1553333333333333
0.2946666666666667
1.4733333333333334
0.4053333333333333
1.074
1.5033333333333334
2.026666666666667
1.096
1.5566666666666666
2.204
1.4833333333333334
1.668
2.251333333333333
0.5053333333333333
0.958
2.248
1.8613333333333333
1.7113333333333334
1.98
1.5293333333333334
2.432
0.5953333333333334
1.2093333333333334
1.1853333333333333
1.1253333333333333
1.0273333333333334
1.7633333333333334
1.4186666666666667
1.9826666666666666
0.782
1.5906666666666667
0.7626666666666667
0.8053333333333333
1.1393333333333333
2.518666666666667
1.528
0.6873333333333334
1.5946666666666667
1.5026666666666666
1.252
1.8526666666666667
1.346
2.014666666666667
1.8393333333333333
2.4013333333333335
1.1633333333333333
0.526
1.9613333333333334
2.4426666666666668
1.5633333333333332
1.4293333333333333
1.5393333333333334
1.964
1.5693333333333332
1.4046666666666667
1.6553333333333333
1.5566666666666666
1.814
0.7953333333333333
1.3826666666666667
1.2573333333333334
0.8253333333333334
1.1086666666666667
1.5366666666666666
2.1226666666666665
2.0206666666666666
0.888
1.0893333333333333
2.534
0.514
1.828
1.67
0.878
1.0166666666666666
0.904
0.15533333333333332
0.938
1.072
0.3253333333333333
0.9186666666666666
1.8866666666666667
1.0133333333333334
0.5406666666666666
1.4173333333333333
1.0013333333333334
1.578
0.6273333333333333
1.0046666666666666
1.1953333333333334
1.114
0.584
1.2266666666666666
0.992
1.22
1.2773333333333334
0.99
0.906
0.7986666666666666
1.2933333333333332
0.8833333333333333
1.4606666666666666
1.1426666666666667
1.52
1.5386666666666666
3.41
1.7833333333333334
2.192
2.016
2.4
2.006
3.0406666666666666
3.044
1.148
2.046666666666667
3.118
1.7693333333333334
2.3686666666666665
2.466666666666667
1.776
1.9106666666666667
1.9973333333333334
1.6893333333333334
3.038666666666667
2.1726666666666667
1.6193333333333333
2.5446666666666666
1.7213333333333334
2.5793333333333335
2.7
2.306
2.306
1.3093333333333332
1.612
2.8993333333333333
2.8093333333333335
1.7426666666666666
4.166
1.944
2.934
3.7426666666666666
2.708
2.9273333333333333
3.022666666666667
1.7453333333333334
3.862
2.304
2.2533333333333334
3.1126666666666667
3.46
3.552
3.998
2.4013333333333335
3.5686666666666667
3.732
2.6553333333333335
4.580666666666667
1.896
2.878
3.9033333333333333
2.8826666666666667
3.266
3.2493333333333334
2.175333333333333
3.578
1.5126666666666666
2.3193333333333332
3.946
5.148
3.204
2.4506666666666668
2.9153333333333333
3.0693333333333332
3.442
3.3606666666666665
3.0933333333333333
5.592666666666666
3.1773333333333333
4.183333333333334
4.483333333333333
2.59
4.024
3.9426666666666668
4.058
3.3793333333333333
4.195333333333333
2.8993333333333333
4.190666666666667
3.166
2.9446666666666665
3.433333333333333
5.073333333333333
4.364
3.852
3.578
3.3986666666666667
4.546666666666667
3.696
2.525333333333333
3.974666666666667
3.428
4.44
5.218
3.501333333333333
3.6813333333333333
3.8386666666666667
1.768
3.6
3.498666666666667
3.3233333333333333
4.048666666666667
4.15
3.4846666666666666
3.6226666666666665
2.1593333333333335
4.383333333333334
4.270666666666667
3.674
3.6933333333333334
3.734
3.4026666666666667
2.222
4.706666666666667
1.8353333333333333
1.6786666666666668
1.066
1.9706666666666666
0.924
2.0073333333333334
2.114
1.186
1.6573333333333333
0.8053333333333333
1.6206666666666667
0.696
0.884
1.0266666666666666
1.7066666666666668
1.9953333333333334
0.6533333333333333
0.9066666666666666
1.5933333333333333
1.5906666666666667
2.0633333333333335
1.8906666666666667
1.2573333333333334
1.1553333333333333
0.8946666666666667
0.6486666666666666
1.8266666666666667
0.962
0.41733333333333333
0.9006666666666666
1.5286666666666666
2.876
2.3213333333333335
2.244
3.800666666666667
3.441333333333333
3.287333333333333
2.8713333333333333
3.259333333333333
3.7373333333333334
2.3726666666666665
3.374
2.6966666666666668
3.0286666666666666
2.3526666666666665
3.7106666666666666
2.6366666666666667
2.3413333333333335
3.9673333333333334
1.6653333333333333
3.0833333333333335
2.48
4.429333333333333
3.3226666666666667
3.2853333333333334
4.722666666666667
2.9433333333333334
2.6433333333333335
2.09
3.364
3.7853333333333334
4.426
2.378
3.6073333333333335
3.7993333333333332
3.674
2.921333333333333
4.065333333333333
4.173333333333333
3.3233333333333333
4.084
3.678
4.810666666666667
4.529333333333334
3.426
4.263333333333334
2.7746666666666666
4.301333333333333
5.012
1.282
3.356
3.236
2.5913333333333335
3.481333333333333
3.6073333333333335
2.9793333333333334
3.312
4.376666666666667
4.416666666666667
2.344
4.836666666666667
4.288666666666667
2.6193333333333335
4.51
5.269333333333333
5.342
5.1193333333333335
3.282
3.1006666666666667
3.986
5.1386666666666665
3.6326666666666667
5.6306666666666665
5.12
3.2026666666666666
6.113333333333333
5.102
4.539333333333333
5.169333333333333
4.493333333333333
5.796666666666667
5.326666666666667
5.7973333333333334
5.833333333333333
4.307333333333333
5.7973333333333334
3.3906666666666667
2.784666666666667
4.310666666666667
4.916666666666667
5.637333333333333
6.165333333333334
3.5726666666666667
6.596666666666667
5.856
5.968
4.465333333333334
6.493333333333333
4.674
5.489333333333334
3.8606666666666665
4.442
6.660666666666667
5.260666666666666
4.823333333333333
5.117333333333334
5.357333333333333
6.432
4.973333333333334
6.925333333333334
7.008
3.562666666666667
7.600666666666666
5.207333333333334
4.160666666666667
7.257333333333333
5.600666666666666
5.326666666666667
5.585333333333334
5.014666666666667
1.382
0.9973333333333333
1.276
1.948
2.072
1.5066666666666666
1.0026666666666666
1.7486666666666666
1.218
1.9293333333333333
1.66
0.468
0.7793333333333333
1.9793333333333334
1.6253333333333333
1.4133333333333333
0.764
2.314
1.4453333333333334
1.4286666666666668
1.2246666666666666
1.12
2.291333333333333
2.162
1.2993333333333332
0.26866666666666666
1.5613333333333332
1.732
1.548
1.8306666666666667
3.608
2.1273333333333335
3.634
2.43
3.4326666666666665
3.522
5.193333333333333
3.726
3.0366666666666666
4.196666666666666
4.301333333333333
2.4
2.8913333333333333
3.8193333333333332
3.1486666666666667
2.5033333333333334
4.584
2.4186666666666667
3.0953333333333335
2.896
3.4726666666666666
2.965333333333333
3.24
1.9346666666666668
3.4073333333333333
3.332666666666667
3.3533333333333335
3.497333333333333
5.032666666666667
2.675333333333333
5.203333333333333
4.148
4.597333333333333
4.065333333333333
3.436
3.198
2.8733333333333335
5.9206666666666665
5.3613333333333335
6.4446666666666665
4.841333333333333
4.024666666666667
4.012
5.994
5.36
4.176
4.578666666666667
3.8873333333333333
3.8813333333333335
4.3726666666666665
5.273333333333333
4.981333333333334
4.082666666666666
4.564
4.766666666666667
4.924666666666667
4.974
3.3673333333333333
3.316666666666667
3.814
5.574666666666666
7.182666666666667
5.903333333333333
6.639333333333333
3.67
5.676
3.728666666666667
6.903333333333333
4.678
3.7306666666666666
7.491333333333333
3.8926666666666665
4.12
6.042
4.816
6.136666666666667
6.094666666666667
4.73
4.389333333333333
6.029333333333334
4.716
6.708666666666667
5.987333333333333
7.104
7.826666666666667
8.603333333333333
5.698666666666667
5.647333333333333
4.919333333333333
4.145333333333333
6.63
6.312
6.3966666666666665
4.987333333333333
5.827333333333334
6.847333333333333
4.754666666666667
6.994
7.216666666666667
3.6573333333333333
5.146
7.992
8.827333333333334
4.993333333333333
8.412
6.854
7.843333333333334
6.536666666666667
5.816666666666666
8.041333333333334
6.502666666666666
6.442
7.25
6.631333333333333
7.731333333333334
5.358
4.609333333333334
8.508
6.106
5.823333333333333
1.2813333333333334
0.922
1.7353333333333334
2.9073333333333333
1.6326666666666667
1.2193333333333334
1.2433333333333334
1.45
1.5413333333333334
1.6066666666666667
2.018
1.9913333333333334
1.9073333333333333
2.598
1.63
1.676
2.1406666666666667
1.8506666666666667
1.1213333333333333
1.3446666666666667
1.3626666666666667
1.4046666666666667
1.804
2.1486666666666667
1.4766666666666666
2.5453333333333332
1.76
1.6153333333333333
2.354
1.5686666666666667
4.188
2.9913333333333334
2.449333333333333
2.9166666666666665
5.770666666666667
5.642666666666667
5.549333333333333
3.926
4.132666666666666
4.597333333333333
2.2466666666666666
3.9153333333333333
4.069333333333334
4.371333333333333
2.8053333333333335
3.74
5.684666666666667
5.121333333333333
4.5906666666666665
5.112
6.320666666666667
3.248
4.189333333333333
4.578
4.617333333333334
4.1226666666666665
5.022
2.9846666666666666
4.216
3.73
7.326666666666667
2.6446666666666667
5.062
7.29
6.549333333333333
5.128
5.586666666666667
7.992
4.637333333333333
7.028666666666667
5.082666666666666
7.379333333333333
6.105333333333333
5.61
5.717333333333333
7.494
4.424
3.6413333333333333
4.938
5.906
5.283333333333333
7.068
5.954666666666666
4.862666666666667
5.315333333333333
4.468
5.820666666666667
5.200666666666667
6.6193333333333335
5.144666666666667
8.174666666666667
9.049333333333333
8.286
6.947333333333333
6.860666666666667
8.574666666666667
7.414
6.514666666666667
8.938
4.846
4.379333333333333
5.742
8.620666666666667
5.235333333333333
7.342666666666666
6.412
5.566666666666666
6.760666666666666
6.722666666666667
5.037333333333334
7.66
5.695333333333333
7.112666666666667
5.625333333333334
7.82
9.955333333333334
6.858
6.615333333333333
6.546666666666667
5.792666666666666
3.2893333333333334
8.188
8.928
8.318
8.330666666666668
5.256666666666667
7.966
6.252666666666666
7.455333333333333
10.56
7.391333333333334
9.759333333333334
7.9446666666666665
5.7
8.864
8.702
3.3146666666666667
9.482666666666667
9.851333333333333
8.478666666666667
7.573333333333333
9.888
8.002666666666666
9.220666666666666
9.138666666666667
8.714
7.554
8.395333333333333
7.402
8.195333333333334
0.39866666666666667
0.18333333333333332
0.18866666666666668
0.17666666666666667
0.3233333333333333
0.0
0.09466666666666666
0.4166666666666667
0.6753333333333333
0.968
0.596
0.24333333333333335
0.44533333333333336
0.37266666666666665
0.928
0.21266666666666667
1.1526666666666667
0.46
0.956
0.14466666666666667
0.3293333333333333
0.002
0.23466666666666666
0.8433333333333334
0.19533333333333333
0.0
1.2566666666666666
0.7953333333333333
0.194
0.6846666666666666
0.5806666666666667
0.6146666666666667
1.1073333333333333
1.0913333333333333
1.2333333333333334
0.724
1.6686666666666667
0.9606666666666667
0.9846666666666667
0.13666666666666666
0.24466666666666667
1.27
0.37866666666666665
0.22266666666666668
0.6446666666666667
0.234
0.7286666666666667
0.6413333333333333
0.9553333333333334
0.5186666666666667
0.7446666666666667
0.49266666666666664
0.3933333333333333
0.7073333333333334
0.494
0.246
1.1686666666666667
0.8446666666666667
1.0693333333333332
0.284
1.7713333333333334
0.418
1.0706666666666667
0.6446666666666667
2.4433333333333334
1.192
2.1313333333333335
1.336
0.89
1.1773333333333333
1.398
1.0253333333333334
0.9546666666666667
1.46
1.0646666666666667
0.7326666666666667
0.9933333333333333
1.9546666666666668
1.106
1.146
1.09
1.7706666666666666
1.2226666666666666
0.194
0.364
0.5393333333333333
1.3306666666666667
0.796
0.7046666666666667
1.212
1.864
1.2253333333333334
2.018
1.7093333333333334
0.794
1.33
0.7793333333333333
0.8346666666666667
1.1413333333333333
1.342
0.934
1.4733333333333334
1.122
1.3093333333333332
0.174
2.038
1.572
1.1926666666666668
0.9093333333333333
0.412
1.848
1.506
1.1793333333333333
0.444
1.28
1.0073333333333334
1.458
1.2006666666666668
0.9333333333333333
1.268
1.52
1.2026666666666668
1.7506666666666666
1.7473333333333334
0.7353333333333333
0.49666666666666665
1.7333333333333334
0.906
1.0093333333333334
1.5126666666666666
1.5393333333333334
0.464
1.908
1.066
1.7993333333333332
1.8066666666666666
2.1653333333333333
2.018666666666667
1.718
1.594
0.666
1.7773333333333334
1.6633333333333333
1.382
1.276
2.477333333333333
1.224
0.43133333333333335
1.1893333333333334
1.6666666666666667
0.9586666666666667
0.708
0.6246666666666667
1.116
0.542
0.37133333333333335
0.6913333333333334
1.1733333333333333
0.8346666666666667
0.632
0.7613333333333333
0.54
1.6553333333333333
0.5286666666666666
0.8206666666666667
0.6333333333333333
0.444
1.1486666666666667
0.39066666666666666
0.9366666666666666
0.846
0.9893333333333333
0.37266666666666665
1.0893333333333333
0.656
0.864
0.166
0.672
0.7306666666666667
1.1873333333333334
3.0473333333333334
1.76
2.264
1.832
1.4566666666666668
1.0326666666666666
1.212
1.4566666666666668
0.9953333333333333
1.2246666666666666
1.816
1.2393333333333334
1.0353333333333334
1.946
1.2226666666666666
2.882
2.724666666666667
1.798
1.3793333333333333
2.4593333333333334
1.584
2.038666666666667
1.608
1.3773333333333333
1.9846666666666666
0.7046666666666667
0.8446666666666667
1.936
1.724
2.162
3.212666666666667
1.77
2.570666666666667
1.598
2.788666666666667
2.445333333333333
2.046
2.0286666666666666
2.5446666666666666
2.7786666666666666
2.236666666666667
2.604
2.42
2.2706666666666666
2.996
1.744
2.722
2.422
2.648
3.3713333333333333
2.1726666666666667
2.296
1.0146666666666666
2.5893333333333333
2.37
2.4006666666666665
2.6353333333333335
2.755333333333333
2.6406666666666667
2.88
2.8506666666666667
2.751333333333333
1.7733333333333334
2.2693333333333334
1.176
2.3033333333333332
2.1213333333333333
1.8526666666666667
1.6506666666666667
3.2813333333333334
3.806
3.6066666666666665
4.308
2.814
3.7693333333333334
2.542666666666667
2.562
3.252
2.042
3.584
2.758
3.279333333333333
3.2026666666666666
3.446
4.668
3.8626666666666667
3.8673333333333333
4.406
4.266
2.366
3.2746666666666666
2.5946666666666665
3.6013333333333333
2.498
3.4406666666666665
4.4366666666666665
2.932
3.612
3.138
3.184
4.048666666666667
3.2133333333333334
2.667333333333333
4.034666666666666
3.175333333333333
3.524
3.820666666666667
2.0353333333333334
4.020666666666667
2.6346666666666665
2.8686666666666665
3.658
2.8926666666666665
4.774666666666667
3.606
2.6086666666666667
3.977333333333333
3.444
2.3313333333333333
4.201333333333333
1.3626666666666667
1.094
1.3213333333333332
1.5166666666666666
0.912
1.0433333333333332
0.882
1.3253333333333333
1.0433333333333332
0.8746666666666667
0.9833333333333333
1.1866666666666668
0.8826666666666667
0.8153333333333334
1.052
1.8866666666666667
0.87
0.966
1.1526666666666667
1.4213333333333333
0.9706666666666667
1.0493333333333332
0.5646666666666667
1.4373333333333334
0.9973333333333333
1.178
1.242
0.8066666666666666
0.936
1.042
1.266
3.6786666666666665
2.696
3.612
3.69
3.004
1.304
3.1766666666666667
1.8986666666666667
2.707333333333333
2.8406666666666665
2.32
1.87
0.9113333333333333
2.3053333333333335
1.6233333333333333
2.314
1.7993333333333332
2.696
3.07
3.3653333333333335
2.652
2.3
2.4093333333333335
1.878
1.614
2.324
2.4246666666666665
2.2906666666666666
2.1893333333333334
1.8273333333333333
2.9726666666666666
2.974666666666667
3.1593333333333335
2.796
3.9386666666666668
2.517333333333333
2.465333333333333
4.208666666666667
3.842
4.397333333333333
3.588
4.356
3.312
3.1326666666666667
3.8153333333333332
3.3886666666666665
3.1866666666666665
4.394666666666667
1.702
3.4646666666666666
3.966
3.266
2.562
2.3846666666666665
4.263333333333334
3.856
2.566
3.7253333333333334
4.464666666666667
4.116666666666666
4.859333333333334
3.736
2.68
4.467333333333333
5.155333333333333
3.0286666666666666
4.796
2.262
5.642666666666667
3.6546666666666665
4.208666666666667
3.4233333333333333
4.954
3.7266666666666666
3.4926666666666666
5.172666666666666
2.7173333333333334
5.868666666666667
3.3226666666666667
1.6506666666666667
3.024
4.424
4.536
4.285333333333333
5.004666666666667
3.244
6.499333333333333
4.133333333333334
3.72
4.546
4.302666666666667
4.655333333333333
5.755333333333334
3.374
3.3646666666666665
5.320666666666667
3.4053333333333335
4.417333333333334
5.008
4.656666666666666
3.982666666666667
5.560666666666667
2.5693333333333332
4.017333333333333
5.490666666666667
3.787333333333333
4.012666666666667
3.9553333333333334
4.6273333333333335
3.752666666666667
4.244666666666666
5.310666666666667
3.8973333333333335
5.494666666666666
5.541333333333333
6.208666666666667
4.400666666666667
5.548666666666667
4.558
1.252
1.328
0.9466666666666667
0.974
2.066
1.3433333333333333
0.7146666666666667
0.618
0.954
2.263333333333333
1.456
1.1833333333333333
1.9753333333333334
0.7053333333333334
1.828
1.66
0.5213333333333333
1.3186666666666667
1.272
1.326
2.1986666666666665
1.03
1.8413333333333333
1.3346666666666667
1.5153333333333334
1.7646666666666666
1.36
1.1386666666666667
0.6806666666666666
1.1893333333333334
1.8346666666666667
2.7586666666666666
2.278
4.536
3.726
2.8893333333333335
3.3553333333333333
3.024
3.49
1.4573333333333334
3.5513333333333335
1.942
3.164
2.8413333333333335
4.232
2.2786666666666666
3.546666666666667
2.5046666666666666
2.8293333333333335
3.3073333333333332
1.546
3.1906666666666665
3.3666666666666667
2.7106666666666666
4.498666666666667
4.476
3.022
1.6286666666666667
4.594
3.356
4.136666666666667
5.136666666666667
3.53
3.316
5.204666666666666
3.024
6.387333333333333
5.3726666666666665
3.712
4.294666666666667
3.7986666666666666
4.479333333333333
5.961333333333333
2.4286666666666665
3.687333333333333
4.062
4.216
3.6986666666666665
5.414
4.35
3.2653333333333334
3.44
4.559333333333333
3.956
4.506666666666667
4.842
3.474666666666667
4.200666666666667
4.855333333333333
3.67
4.488666666666667
3.76
6.266666666666667
3.06
4.648666666666666
4.8646666666666665
4.722
6.343333333333334
7.654
5.005333333333334
3.489333333333333
4.099333333333333
5.091333333333333
5.418
6.344
6.174666666666667
5.678
3.6526666666666667
4.782666666666667
4.988
6.716
8.496
6.408
5.024
6.764666666666667
4.411333333333333
6.002666666666666
4.692666666666667
5.374
4.604666666666667
5.680666666666666
6.034666666666666
5.558
7.751333333333333
7.25
7.093333333333334
7.625333333333334
5.918666666666667
6.1273333333333335
7.0953333333333335
3.682
5.316666666666666
8.037333333333333
7.017333333333333
3.324
8.220666666666666
7.21
5.253333333333333
6.512
5.26
4.878666666666667
6.319333333333334
6.671333333333333
5.8886666666666665
5.577333333333334
6.0473333333333334
7.658
3.722
4.986
3.9446666666666665
2.2306666666666666
1.7733333333333334
1.99
1.636
1.2346666666666666
1.4093333333333333
1.506
1.0566666666666666
1.9093333333333333
1.5826666666666667
1.0906666666666667
1.378
1.808
1.918
1.7246666666666666
1.6786666666666668
2.6626666666666665
1.2366666666666666
1.902
1.002
1.13
1.6133333333333333
1.5066666666666666
0.92
1.3733333333333333
1.1493333333333333
1.5173333333333334
1.9813333333333334
1.8506666666666667
1.2453333333333334
3.906
2.5673333333333335
1.9
1.488
5.986666666666666
3.699333333333333
3.2146666666666666
2.668
4.28
1.96
3.244666666666667
3.997333333333333
2.022666666666667
3.6193333333333335
5.51
3.6726666666666667
4.289333333333333
5.942
2.792
3.554666666666667
4.289333333333333
5.575333333333333
4.224
4.298666666666667
4.5
2.278
3.3893333333333335
1.4846666666666666
3.3186666666666667
3.6566666666666667
5.311333333333334
5.576666666666667
6.282666666666667
4.064
4.094
6.028666666666667
2.256
5.6
7.3933333333333335
5.773333333333333
4.234666666666667
4.536
6.192
5.501333333333333
5.618666666666667
5.467333333333333
4.058666666666666
5.796
4.884
6.221333333333333
4.120666666666667
4.325333333333333
5.801333333333333
6.94
3.08
5.012666666666667
5.14
5.704
4.867333333333334
3.308
6.872
6.62
8.094666666666667
5.562666666666667
3.687333333333333
4.586666666666667
5.462666666666666
6.150666666666667
8.272
6.614
6.6593333333333335
4.092666666666666
6.809333333333333
5.954666666666666
6.275333333333333
6.458666666666667
6.991333333333333
7.990666666666667
5.296666666666667
6.830666666666667
7.204
7.403333333333333
6.344666666666667
4.8373333333333335
6.312
8.453333333333333
4.254
3.616
6.8293333333333335
3.7306666666666666
7.884
7.752
9.342666666666666
7.500666666666667
7.066
8.581333333333333
5.000666666666667
4.539333333333333
5.8693333333333335
4.78
7.374666666666666
7.215333333333334
7.132
7.199333333333334
6.997333333333334
7.965333333333334
6.535333333333333
8.118666666666666
8.088666666666667
7.349333333333333
9.667333333333334
7.5953333333333335
5.846666666666667
9.760666666666667
6.784666666666666
7.528666666666667
9.768666666666666
8.330666666666668
6.954666666666666
5.256
