0.8033333333333333
0.9653333333333334
1.142
1.99
0.38133333333333336
1.0693333333333332
0.9586666666666667
0.9193333333333333
1.622
0.8933333333333333
0.05
1.0026666666666666
0.24266666666666667
1.0193333333333334
0.0
0.9713333333333334
0.5786666666666667
0.032
0.636
0.6886666666666666
0.6173333333333333
1.0
0.6106666666666667
0.7993333333333333
0.6613333333333333
0.9846666666666667
1.9686666666666666
1.0
1.8126666666666666
1.026
2.0
1.5193333333333334
2.546666666666667
1.672
1.9646666666666666
1.566
1.1173333333333333
1.982
1.7713333333333334
1.0053333333333334
1.0973333333333333
2.9013333333333335
0.104
1.4893333333333334
1.89
2.856
2.8773333333333335
1.574
1.636
2.937333333333333
1.866
1.84
0.872
3.0
0.7573333333333333
1.756
1.7213333333333334
1.9733333333333334
1.8993333333333333
1.514
2.0646666666666667
2.812666666666667
2.5793333333333335
2.9726666666666666
1.6526666666666667
1.4613333333333334
1.2646666666666666
1.9513333333333334
1.7713333333333334
1.904
2.977333333333333
1.7473333333333334
1.9953333333333334
2.062
1.822
2.81
2.977333333333333
1.504
1.9246666666666667
1.83
1.4646666666666666
2.906
1.9933333333333334
2.774
1.3726666666666667
2.3233333333333333
1.6146666666666667
2.3
2.9846666666666666
2.334
2.998666666666667
2.794
2.6826666666666665
1.964
2.128
2.962
2.699333333333333
2.022666666666667
2.1333333333333333
2.9766666666666666
1.9293333333333333
2.958666666666667
1.38
2.2306666666666666
2.888
2.97
2.034666666666667
2.1573333333333333
2.9553333333333334
2.965333333333333
2.8226666666666667
1.9873333333333334
1.874
2.9046666666666665
1.628
2.952
2.232666666666667
2.646
2.852
2.724666666666667
2.764666666666667
2.223333333333333
1.8646666666666667
2.6553333333333335
1.2986666666666666
2.1073333333333335
2.856
2.9953333333333334
2.7053333333333334
2.990666666666667
3.0
2.973333333333333
2.9513333333333334
2.206
1.656
2.292
2.986
2.969333333333333
2.834
2.9206666666666665
1.826
2.9106666666666667
2.9566666666666666
2.574666666666667
2.9306666666666668
2.998
2.91
2.251333333333333
2.949333333333333
2.966
1.6026666666666667
1.204
1.654
1.6726666666666667
0.774
1.7126666666666666
0.6086666666666667
0.994
0.922
0.9466666666666667
1.9446666666666668
1.562
1.5706666666666667
1.6366666666666667
1.022
1.724
1.814
1.8706666666666667
1.8773333333333333
1.5133333333333334
1.656
1.748
1.0166666666666666
1.5146666666666666
1.5026666666666666
1.9433333333333334
1.316
1.726
1.8893333333333333
1.9166666666666667
5.0633333333333335
3.3953333333333333
3.7946666666666666
3.1033333333333335
2.759333333333333
3.743333333333333
2.986666666666667
3.9193333333333333
1.6133333333333333
3.9593333333333334
3.2893333333333334
3.308666666666667
2.896
2.1826666666666665
2.9233333333333333
3.6966666666666668
2.536
3.570666666666667
2.0813333333333333
2.989333333333333
3.8833333333333333
3.8273333333333333
2.8586666666666667
3.576
2.013333333333333
1.9433333333333334
2.2173333333333334
2.96
3.7213333333333334
2.9086666666666665
4.968666666666667
4.048
4.2973333333333334
4.007333333333333
4.270666666666667
5.615333333333333
3.99
5.79
3.787333333333333
5.0633333333333335
4.472666666666667
6.003333333333333
5.324666666666666
3.4873333333333334
3.268666666666667
4.457333333333334
3.3633333333333333
4.3726666666666665
4.221333333333333
5.37
4.359333333333334
4.048666666666667
4.081333333333333
4.359333333333334
4.8806666666666665
4.509333333333333
4.154
4.397333333333333
5.253333333333333
2.732666666666667
5.1706666666666665
7.408666666666667
4.487333333333333
4.538
7.102666666666667
4.916666666666667
4.371333333333333
4.661333333333333
3.3673333333333333
6.442
5.350666666666666
4.6946666666666665
4.157333333333334
5.516666666666667
2.7893333333333334
4.3453333333333335
6.754666666666667
5.742666666666667
5.937333333333333
5.148
6.1386666666666665
6.442666666666667
5.464
4.144666666666667
4.372
3.6726666666666667
5.289333333333333
4.950666666666667
5.6593333333333335
5.602666666666667
6.012
5.946666666666666
5.092666666666666
5.83
5.76
5.6466666666666665
5.088
4.717333333333333
6.261333333333333
6.977333333333333
5.554666666666667
4.34
6.932666666666667
5.903333333333333
6.932666666666667
5.129333333333333
6.584666666666666
5.1226666666666665
6.044
6.359333333333334
6.906
5.3726666666666665
5.959333333333333
6.408666666666667
5.789333333333333
6.222
7.123333333333333
7.581333333333333
4.204
4.6706666666666665
1.1666666666666667
2.3446666666666665
0.8993333333333333
1.3053333333333332
1.4546666666666668
1.6093333333333333
2.01
2.0086666666666666
1.536
1.734
1.934
1.3413333333333333
1.7293333333333334
1.1766666666666667
2.01
0.2613333333333333
1.834
1.69
1.8966666666666667
1.828
0.8253333333333334
2.002666666666667
1.4633333333333334
2.1533333333333333
1.9086666666666667
1.9766666666666666
1.1
1.9066666666666667
2.1273333333333335
2.0
4.512
3.276666666666667
5.1433333333333335
4.745333333333333
2.7933333333333334
4.166
2.988
3.457333333333333
3.6406666666666667
3.7373333333333334
4.241333333333333
4.7
3.474666666666667
3.4306666666666668
2.6293333333333333
3.3413333333333335
4.107333333333333
4.642666666666667
4.386
4.658
4.892
4.589333333333333
3.5126666666666666
4.8933333333333335
2.8593333333333333
2.280666666666667
2.494
4.194
3.970666666666667
4.801333333333333
5.422
6.8646666666666665
6.832
5.8133333333333335
4.969333333333333
5.665333333333334
4.578
7.056
4.093333333333334
3.0613333333333332
4.86
6.778
6.497333333333334
5.488
4.172666666666666
5.964
4.888
6.660666666666667
4.758666666666667
4.432666666666667
7.058
6.320666666666667
4.466666666666667
6.581333333333333
5.722666666666667
5.428
4.128666666666667
4.703333333333333
5.108666666666666
4.454
4.654
6.073333333333333
6.432
5.577333333333334
7.899333333333334
5.852
7.249333333333333
4.8453333333333335
6.550666666666666
5.272
6.344
4.908
6.906666666666666
5.447333333333333
5.425333333333334
6.255333333333334
5.6706666666666665
6.987333333333333
6.533333333333333
6.507333333333333
6.418666666666667
6.365333333333333
7.082666666666666
7.137333333333333
6.794
7.015333333333333
5.062666666666667
6.57
5.728
6.564666666666667
7.969333333333333
6.1946666666666665
6.632
7.322666666666667
9.406666666666666
6.346666666666667
6.609333333333334
6.515333333333333
7.430666666666666
7.080666666666667
7.222666666666667
7.6433333333333335
7.809333333333333
9.024
8.850666666666667
7.216
7.367333333333334
6.221333333333333
5.982666666666667
7.952
7.180666666666666
6.82
5.682666666666667
6.487333333333333
9.146666666666667
6.137333333333333
6.802
6.873333333333333
9.897333333333334
5.862666666666667
2.0566666666666666
1.188
1.1426666666666667
0.816
2.1846666666666668
2.84
1.6746666666666667
2.1773333333333333
1.232
1.5186666666666666
1.6906666666666668
1.674
1.7933333333333332
1.7513333333333334
1.7373333333333334
1.4
2.6586666666666665
0.916
1.8753333333333333
0.796
2.362
2.0153333333333334
1.998
0.91
1.0386666666666666
2.18
1.74
2.8346666666666667
1.9406666666666668
1.8406666666666667
6.099333333333333
3.8593333333333333
4.802666666666667
5.987333333333333
2.018
5.586
4.625333333333334
2.3586666666666667
4.748
4.86
3.760666666666667
4.812
4.5793333333333335
4.895333333333333
3.707333333333333
6.608666666666666
2.6286666666666667
4.704
6.218
3.6153333333333335
4.710666666666667
4.374666666666666
4.274
3.1806666666666668
4.862
6.31
4.104
5.426
5.068
3.8466666666666667
6.041333333333333
6.075333333333333
5.206
5.523333333333333
4.056
6.67
6.1033333333333335
8.792
6.152
7.382
6.844666666666667
7.328
7.134666666666667
6.174666666666667
5.051333333333333
5.124
7.791333333333333
6.744
5.82
6.278
7.192666666666667
6.191333333333334
7.446666666666666
6.465333333333334
5.743333333333333
3.396
4.801333333333333
5.687333333333333
5.581333333333333
6.1386666666666665
8.258666666666667
6.843333333333334
7.665333333333334
8.523333333333333
5.108666666666666
8.118
8.23
7.1306666666666665
7.424
4.784
6.195333333333333
9.008666666666667
7.086666666666667
9.713333333333333
5.29
5.8853333333333335
5.243333333333333
7.408666666666667
8.822
7.562
4.342666666666666
7.514666666666667
7.33
6.907333333333334
5.234
8.663333333333334
7.676666666666667
9.448666666666666
7.374666666666666
6.8453333333333335
8.507333333333333
10.318
6.314666666666667
9.392666666666667
9.878
8.126666666666667
7.45
10.376
9.144
10.503333333333334
9.728
7.716
9.736666666666666
8.578
8.814666666666668
10.326666666666666
6.88
8.526
8.213333333333333
10.460666666666667
8.715333333333334
8.621333333333334
10.775333333333334
8.657333333333334
9.153333333333334
8.668666666666667
9.188
9.812
6.892
8.405333333333333
1.5653333333333332
2.1353333333333335
1.252
2.215333333333333
2.010666666666667
2.464
1.774
2.017333333333333
2.272
1.7773333333333334
2.9013333333333335
2.1266666666666665
1.5566666666666666
1.334
3.1173333333333333
2.3493333333333335
2.082
1.9953333333333334
1.3886666666666667
2.034666666666667
2.312
1.556
1.5753333333333333
2.304
2.041333333333333
2.156
2.006666666666667
2.1866666666666665
2.306
2.036
3.614
2.97
7.711333333333333
6.450666666666667
3.658
4.382
4.532
3.8393333333333333
5.352
2.550666666666667
8.024
5.594
4.915333333333334
4.210666666666667
5.814666666666667
4.637333333333333
3.3666666666666667
3.466666666666667
4.064
9.644
5.502
5.203333333333333
4.432666666666667
3.9126666666666665
4.994
4.057333333333333
5.55
5.388
5.370666666666667
3.5446666666666666
8.896666666666667
9.838666666666667
6.388
6.914
6.645333333333333
7.8773333333333335
7.626666666666667
8.716666666666667
8.568666666666667
8.379333333333333
6.107333333333333
5.817333333333333
8.973333333333333
8.954
12.381333333333334
10.265333333333333
9.271333333333333
6.279333333333334
7.024
4.233333333333333
9.014
9.132666666666667
5.774
6.042
6.3133333333333335
6.692666666666667
5.48
9.642666666666667
9.779333333333334
10.634
8.698666666666666
10.862666666666666
10.136666666666667
8.207333333333333
9.589333333333334
9.335333333333333
8.199333333333334
8.961333333333334
10.66
9.202666666666667
6.664
7.679333333333333
11.527333333333333
6.881333333333333
8.050666666666666
7.5906666666666665
8.482666666666667
8.006
6.682666666666667
9.176
9.31
9.899333333333333
7.620666666666667
7.720666666666666
7.956666666666667
9.259333333333334
8.002
9.086
9.044666666666666
9.604666666666667
14.039333333333333
8.135333333333334
12.940666666666667
12.279333333333334
8.647333333333334
10.387333333333334
9.36
9.672666666666666
11.874666666666666
10.991333333333333
11.435333333333332
11.356666666666667
8.213333333333333
8.562
12.763333333333334
13.085333333333333
8.294666666666666
8.702
14.048666666666668
9.408666666666667
12.788666666666666
8.664
9.709333333333333
11.58
12.532666666666668
9.001333333333333
15.291333333333334
7.4046666666666665
10.908
9.894666666666666
0.716
1.0
0.638
1.0
0.8066666666666666
1.9453333333333334
0.126
1.9626666666666666
0.28
0.9326666666666666
1.75
0.9146666666666666
0.10733333333333334
0.048
0.9626666666666667
1.0
0.904
1.998
1.0
0.48333333333333334
0.168
0.9746666666666667
0.7066666666666667
0.5026666666666667
0.992
0.8646666666666667
0.902
0.9
1.1233333333333333
1.0
1.4273333333333333
2.6553333333333335
1.3333333333333333
1.362
1.236
1.0746666666666667
1.8893333333333333
0.998
2.1446666666666667
2.5
1.0
1.866
1.5346666666666666
1.994
2.457333333333333
2.0273333333333334
1.7473333333333334
1.9266666666666667
1.5026666666666666
2.759333333333333
2.0953333333333335
1.778
2.3133333333333335
1.866
1.4073333333333333
1.3666666666666667
1.3766666666666667
1.9746666666666666
1.1133333333333333
0.7726666666666666
1.998
2.707333333333333
1.5026666666666666
2.010666666666667
1.8826666666666667
1.6433333333333333
2.018666666666667
2.4353333333333333
2.1653333333333333
1.944
1.9693333333333334
2.767333333333333
1.3026666666666666
1.126
2.006
2.382
1.066
1.0066666666666666
2.926
1.6653333333333333
1.9
0.9753333333333334
0.4086666666666667
2.866
2.718
1.3873333333333333
2.836
2.966666666666667
2.949333333333333
1.8246666666666667
2.0533333333333332
1.9746666666666666
2.668
2.9286666666666665
2.0353333333333334
2.1386666666666665
1.9606666666666666
0.7953333333333333
1.908
2.902
2.030666666666667
1.8573333333333333
2.6073333333333335
1.1386666666666667
2.996
2.9246666666666665
1.9786666666666666
2.7426666666666666
2.098
2.882
1.8866666666666667
2.982666666666667
2.9273333333333333
2.283333333333333
2.282
2.013333333333333
2.9086666666666665
1.2733333333333334
2.8753333333333333
2.646
2.1173333333333333
3.0
2.978666666666667
2.13
1.936
2.9186666666666667
1.9633333333333334
2.8933333333333335
2.224
2.672
2.986
2.9133333333333336
2.3753333333333333
2.5993333333333335
2.4633333333333334
2.9073333333333333
1.1506666666666667
2.958666666666667
2.8026666666666666
2.5766666666666667
2.917333333333333
2.9166666666666665
2.0633333333333335
2.034
1.92
2.984
2.94
2.7773333333333334
2.924
2.992
0.7806666666666666
1.492
1.056
1.4273333333333333
1.8766666666666667
1.1486666666666667
1.1066666666666667
0.6533333333333333
1.7166666666666666
1.0
0.30466666666666664
1.0446666666666666
1.0386666666666666
1.0613333333333332
1.2673333333333334
1.166
1.0686666666666667
1.932
0.07066666666666667
0.4
1.3473333333333333
0.586
0.904
1.6986666666666668
1.892
1.326
1.8453333333333333
1.81
1.8533333333333333
1.0046666666666666
2.8733333333333335
2.6153333333333335
3.6113333333333335
2.304
2.732666666666667
2.8873333333333333
1.7833333333333334
2.8966666666666665
2.596
2.4873333333333334
3.6193333333333335
2.5886666666666667
3.64
3.4053333333333335
3.284666666666667
2.756666666666667
2.0566666666666666
3.11
2.436
3.504
2.711333333333333
3.7946666666666666
2.8386666666666667
2.5
3.102
3.714
3.22
2.6066666666666665
2.8553333333333333
3.291333333333333
3.76
3.056
3.3133333333333335
3.2426666666666666
2.3653333333333335
4.240666666666667
2.767333333333333
3.21
4.958
2.7953333333333332
2.814
3.0473333333333334
4.948666666666667
4.521333333333334
2.678
5.448
4.1353333333333335
4.247333333333334
4.291333333333333
2.5686666666666667
3.3526666666666665
2.8646666666666665
4.642
2.2213333333333334
3.446
4.474666666666667
5.5633333333333335
2.748666666666667
4.758
4.3406666666666665
4.907333333333334
5.699333333333334
2.388
4.6113333333333335
4.694
4.249333333333333
4.8053333333333335
2.716
2.912
5.254666666666667
3.0126666666666666
4.426
4.814
2.6473333333333335
4.986
2.828666666666667
3.848
4.168666666666667
2.5446666666666666
4.492666666666667
5.524
3.501333333333333
4.162
5.45
5.652
3.492
5.328
2.674
2.3733333333333335
3.816666666666667
3.514666666666667
4.533333333333333
5.360666666666667
3.0986666666666665
3.4306666666666668
5.196
6.134
4.618
4.616666666666666
4.534666666666666
4.505333333333334
4.6866666666666665
5.49
6.236666666666666
5.545333333333334
3.969333333333333
5.719333333333333
4.397333333333333
4.991333333333333
3.426
4.175333333333334
5.5473333333333334
5.459333333333333
2.394
4.961333333333333
4.077333333333334
3.7466666666666666
4.035333333333333
5.469333333333333
4.174
0.73
1.8893333333333333
1.1053333333333333
1.162
2.008
0.874
1.2566666666666666
1.2666666666666666
1.3466666666666667
1.328
0.828
2.0073333333333334
1.3553333333333333
0.7326666666666667
1.324
1.5533333333333332
0.7593333333333333
1.1993333333333334
0.8626666666666667
1.1833333333333333
1.4553333333333334
1.7753333333333334
1.168
1.3733333333333333
1.1713333333333333
0.374
1.828
2.0126666666666666
2.254
1.65
4.557333333333333
4.258666666666667
2.8753333333333333
3.219333333333333
2.025333333333333
2.9673333333333334
5.5953333333333335
2.259333333333333
4.324
4.755333333333334
3.594
1.9553333333333334
3.6766666666666667
3.465333333333333
2.2866666666666666
2.3093333333333335
3.31
2.5573333333333332
3.306
3.1086666666666667
3.6053333333333333
2.0833333333333335
4.794
3.398
4.269333333333333
4.246666666666667
4.994
2.9286666666666665
2.6053333333333333
3.496
4.9126666666666665
5.36
3.3566666666666665
5.8853333333333335
3.6213333333333333
4.176666666666667
5.1386666666666665
3.376
5.754
2.308666666666667
5.902666666666667
5.195333333333333
4.3533333333333335
4.3886666666666665
5.51
4.042
5.184666666666667
5.222666666666667
3.457333333333333
4.450666666666667
5.546666666666667
4.995333333333333
4.687333333333333
3.711333333333333
5.243333333333333
3.026
3.298
4.02
5.758666666666667
2.675333333333333
5.179333333333333
5.211333333333333
5.6066666666666665
5.164666666666666
4.358666666666666
5.732
6.6226666666666665
5.114
4.49
7.054666666666667
5.4093333333333335
5.074666666666666
5.578666666666667
5.5906666666666665
5.496
4.249333333333333
5.288666666666667
4.758
5.149333333333334
4.146
5.036666666666667
4.198
3.667333333333333
6.474666666666667
5.775333333333333
5.133333333333334
4.235333333333333
3.38
3.445333333333333
7.309333333333333
5.020666666666667
7.0953333333333335
7.532666666666667
3.8553333333333333
5.338666666666667
6.425333333333334
8.243333333333334
6.6433333333333335
5.508666666666667
5.523333333333333
5.812
3.79
4.993333333333333
6.099333333333333
5.479333333333333
6.076666666666667
5.122
4.6193333333333335
6.304
4.626666666666667
5.636
5.465333333333334
4.394
6.008666666666667
7.166666666666667
5.018
5.520666666666667
6.976666666666667
6.992
4.365333333333333
1.8353333333333333
2.021333333333333
1.2593333333333334
2.1206666666666667
3.5726666666666667
1.1173333333333333
1.2753333333333334
1.1946666666666668
2.226
1.812
2.0366666666666666
1.7006666666666668
1.718
1.7853333333333334
1.26
1.6946666666666668
1.456
1.1206666666666667
2.6026666666666665
1.2813333333333334
3.235333333333333
1.0446666666666666
1.262
1.5333333333333334
2.220666666666667
1.6346666666666667
1.22
1.1126666666666667
1.186
1.5906666666666667
3.8906666666666667
3.406
5.505333333333334
4.341333333333333
4.405333333333333
4.389333333333333
2.9793333333333334
4.198666666666667
3.6406666666666667
2.502
6.894666666666667
2.34
4.839333333333333
4.271333333333334
4.185333333333333
3.5513333333333335
3.0033333333333334
3.6186666666666665
5.001333333333333
3.612
4.044
5.964
4.3293333333333335
5.064666666666667
3.844
6.937333333333333
5.161333333333333
4.932
4.173333333333333
3.4073333333333333
2.512
3.8806666666666665
5.626
6.723333333333334
4.98
8.314666666666668
5.519333333333333
6.624
5.068
5.318
5.390666666666666
4.69
6.998666666666667
5.427333333333333
3.9106666666666667
6.996
4.476
5.658666666666667
7.776666666666666
7.536
8.724
3.692
5.584
10.575333333333333
6.878
7.5793333333333335
4.405333333333333
7.677333333333333
3.5853333333333333
5.494
5.854
7.979333333333333
5.744666666666666
8.178
6.294666666666667
7.804
5.45
5.217333333333333
5.656666666666666
6.3726666666666665
7.527333333333333
7.461333333333333
6.564
3.974
6.002666666666666
7.061333333333334
5.606
6.476666666666667
5.126
3.82
6.1273333333333335
5.064666666666667
7.641333333333334
6.696666666666666
5.3533333333333335
6.423333333333333
5.884
4.453333333333333
4.341333333333333
5.704
8.051333333333334
4.096666666666667
6.857333333333333
6.782
5.683333333333334
3.4793333333333334
10.897333333333334
7.284666666666666
6.815333333333333
10.072666666666667
7.310666666666667
5.538666666666667
8.435333333333332
9.603333333333333
7.8933333333333335
8.107333333333333
9.488
4.255333333333334
7.758666666666667
9.312
8.574666666666667
6.752666666666666
8.621333333333334
6.506
5.918666666666667
5.578
6.718
9.778666666666666
7.925333333333334
4.660666666666667
1.2373333333333334
2.098
1.7593333333333334
1.4073333333333333
3.1253333333333333
1.9473333333333334
2.783333333333333
1.6286666666666667
1.822
2.291333333333333
2.465333333333333
3.836
1.8413333333333333
1.49
1.0766666666666667
2.2746666666666666
1.8086666666666666
2.228666666666667
4.027333333333333
1.2213333333333334
1.6233333333333333
3.2046666666666668
2.2093333333333334
2.0406666666666666
1.176
1.5913333333333333
1.2793333333333334
1.0933333333333333
1.1733333333333333
1.9393333333333334
3.8826666666666667
5.440666666666667
4.269333333333333
8.080666666666668
4.405333333333333
4.463333333333333
4.482
4.179333333333333
6.196666666666666
5.249333333333333
4.754
4.362666666666667
3.424
3.778
5.554
4.52
6.844666666666667
4.690666666666667
4.653333333333333
3.667333333333333
4.07
2.9
4.492
3.59
5.572
3.6686666666666667
2.8413333333333335
4.433333333333334
5.498
5.494
8.926
4.819333333333334
5.286666666666667
4.777333333333333
4.2
7.96
5.544666666666667
7.258
8.150666666666666
7.188666666666666
5.715333333333334
4.259333333333333
5.834666666666666
5.1706666666666665
7.155333333333333
6.080666666666667
7.604
6.544
8.312
7.438666666666666
4.979333333333333
6.226666666666667
4.473333333333334
4.122
8.684
4.532
6.419333333333333
7.932666666666667
9.338
7.342666666666666
7.786
6.248666666666667
10.8
6.086666666666667
6.092666666666666
5.59
9.550666666666666
6.798666666666667
5.436
8.501333333333333
10.247333333333334
5.446666666666666
9.910666666666666
5.759333333333333
10.398666666666667
8.640666666666666
10.362666666666666
8.986
9.744
5.464666666666667
6.276
6.895333333333333
4.06
8.034666666666666
5.8
6.507333333333333
6.464
6.730666666666667
10.738666666666667
5.456666666666667
9.758666666666667
7.043333333333333
8.547333333333333
11.847333333333333
5.608666666666666
8.332666666666666
9.159333333333333
5.732
11.152
8.331333333333333
10.324
9.208
7.887333333333333
11.186666666666667
8.362666666666666
9.819333333333333
8.902666666666667
8.332666666666666
11.812
5.507333333333333
10.788
10.912666666666667
11.328
8.548
5.5793333333333335
5.296666666666667
8.463333333333333
6.516666666666667
10.398
11.806
1.3766666666666667
0.506
0.8826666666666667
0.9273333333333333
0.056666666666666664
0.32866666666666666
0.98
0.9166666666666666
0.906
1.1006666666666667
0.3466666666666667
0.8053333333333333
0.818
1.1286666666666667
0.7673333333333333
0.5946666666666667
0.19666666666666666
0.978
0.446
1.2833333333333334
1.6413333333333333
1.0326666666666666
0.48733333333333334
1.4413333333333334
0.08066666666666666
1.004
1.2393333333333334
0.9926666666666667
0.7066666666666667
0.36
1.8426666666666667
0.9853333333333333
1.0153333333333334
0.68
0.498
1.1366666666666667
1.7166666666666666
1.1453333333333333
0.4653333333333333
0.792
0.9653333333333334
1.8833333333333333
2.39
0.564
1.9873333333333334
2.55
0.852
1.038
2.2906666666666666
1.6806666666666668
2.462
1.7273333333333334
0.49066666666666664
2.104
0.9413333333333334
0.4713333333333333
0.05533333333333333
1.56
0.8573333333333333
1.888
1.9406666666666668
1.9973333333333334
1.35
2.4446666666666665
1.904
2.442
2.0
1.7786666666666666
1.6293333333333333
0.864
1.7906666666666666
2.0473333333333334
1.0013333333333334
1.9066666666666667
1.3393333333333333
2.3566666666666665
1.9826666666666666
1.5626666666666666
1.0533333333333332
1.8566666666666667
1.334
2.1373333333333333
1.4333333333333333
1.3626666666666667
0.9553333333333334
1.9513333333333334
2.132
2.1406666666666667
1.7426666666666666
1.9773333333333334
2.5153333333333334
2.4873333333333334
2.8773333333333335
2.4426666666666668
1.4253333333333333
1.7893333333333334
2.014
2.248
0.5706666666666667
2.3626666666666667
2.074666666666667
2.002666666666667
2.2573333333333334
2.916
2.348
1.392
1.6533333333333333
1.316
2.576
0.578
2.739333333333333
1.786
1.832
2.0193333333333334
0.7266666666666667
1.652
2.8766666666666665
1.8046666666666666
1.7673333333333334
1.9526666666666668
2.7546666666666666
1.7293333333333334
2.9846666666666666
1.7826666666666666
2.2186666666666666
1.9593333333333334
2.49
2.656
1.388
2.048
1.7633333333333334
1.8266666666666667
1.22
1.9713333333333334
1.932
2.02
2.3793333333333333
2.05
1.8626666666666667
2.9886666666666666
2.446
1.938
0.21466666666666667
1.0466666666666666
1.0726666666666667
2.2953333333333332
1.6913333333333334
2.852
1.6333333333333333
2.0613333333333332
1.2466666666666666
1.56
1.9586666666666666
1.134
1.5713333333333332
1.0733333333333333
1.2033333333333334
1.1593333333333333
1.4586666666666666
1.182
0.9593333333333334
0.832
0.858
1.3813333333333333
2.0193333333333334
1.7673333333333334
0.8633333333333333
0.162
0.404
1.0653333333333332
0.44733333333333336
1.8033333333333332
1.62
0.7333333333333333
1.0386666666666666
2.0653333333333332
1.5133333333333334
0.76
1.3833333333333333
0.864
2.5166666666666666
1.7313333333333334
2.0866666666666664
1.9746666666666666
2.8813333333333335
2.982
1.3786666666666667
1.7226666666666666
3.969333333333333
3.7
2.71
2.7953333333333332
3.69
2.0853333333333333
2.5793333333333335
1.4713333333333334
2.8413333333333335
2.4446666666666665
0.784
2.0693333333333332
2.3053333333333335
2.462666666666667
2.5353333333333334
2.505333333333333
2.154
2.6726666666666667
2.446
3.458
1.2433333333333334
3.0906666666666665
3.2773333333333334
2.4926666666666666
3.8773333333333335
3.1946666666666665
3.7466666666666666
3.766
3.35
2.8793333333333333
3.7853333333333334
2.694
4.834
2.6306666666666665
2.75
4.34
2.3566666666666665
1.9493333333333334
1.898
2.79
2.208666666666667
3.284
2.0046666666666666
2.858
4.108666666666666
3.6986666666666665
3.0906666666666665
2.7373333333333334
2.924
1.896
2.536
4.284666666666666
4.639333333333333
4.124
4.744666666666666
3.312
3.712666666666667
3.9313333333333333
4.474666666666667
3.484
2.712666666666667
4.016
2.6906666666666665
3.284666666666667
4.642
4.427333333333333
2.9166666666666665
3.898
3.3633333333333333
4.256666666666667
3.981333333333333
1.916
2.7006666666666668
4.236
4.912
4.812666666666667
3.320666666666667
4.101333333333334
2.7133333333333334
2.993333333333333
3.474666666666667
2.9913333333333334
4.189333333333333
4.062666666666667
4.144666666666667
5.422666666666666
4.381333333333333
6.251333333333333
3.322
3.8593333333333333
3.322
3.032
2.5273333333333334
4.632666666666666
4.794666666666667
2.56
4.613333333333333
3.0453333333333332
3.2953333333333332
3.78
5.234666666666667
4.664
2.4206666666666665
2.83
4.9093333333333335
4.87
3.320666666666667
2.6813333333333333
4.898
3.530666666666667
4.191333333333334
5.104
1.3546666666666667
1.1026666666666667
0.8453333333333334
3.3713333333333333
1.7306666666666666
1.9746666666666666
0.974
1.3913333333333333
2.804666666666667
1.5153333333333334
3.6506666666666665
1.304
1.48
0.8753333333333333
2.3866666666666667
1.6093333333333333
2.008
1.1386666666666667
2.0613333333333332
1.712
1.5233333333333334
3.0566666666666666
0.6333333333333333
2.688
1.5333333333333334
2.01
2.97
0.502
1.526
1.6253333333333333
2.9953333333333334
3.5193333333333334
2.0493333333333332
4.372
2.9366666666666665
2.4233333333333333
2.783333333333333
2.472
2.936
3.267333333333333
4.09
2.752666666666667
3.3646666666666665
3.862
1.526
3.658
2.9926666666666666
3.23
2.392
0.9146666666666666
4.153333333333333
3.445333333333333
3.1406666666666667
2.464
2.376
4.64
2.8353333333333333
4.950666666666667
3.5353333333333334
3.71
4.965333333333334
4.038
6.246
3.220666666666667
4.765333333333333
3.6773333333333333
5.662
5.5986666666666665
2.732
5.883333333333334
5.812666666666667
4.902666666666667
5.836
1.9146666666666667
5.476
3.99
3.704
5.0873333333333335
2.416
5.943333333333333
5.288666666666667
4.4126666666666665
5.830666666666667
4.604
4.799333333333333
4.394
5.988
4.802666666666667
2.678
5.097333333333333
5.252666666666666
5.581333333333333
4.25
5.125333333333334
4.904
3.24
3.984
5.190666666666667
5.636
5.692666666666667
5.184666666666667
4.224666666666667
4.110666666666667
4.5906666666666665
4.8646666666666665
6.706
5.397333333333333
6.784666666666666
4.668
3.416
4.374666666666666
4.914666666666666
4.379333333333333
3.426
3.478666666666667
4.046666666666667
4.265333333333333
6.277333333333333
3.9606666666666666
8.168666666666667
5.994
4.982666666666667
6.370666666666667
7.354666666666667
5.612666666666667
4.602666666666667
6.93
5.392666666666667
5.264
5.004
6.488
7.346
6.306
5.706666666666667
4.929333333333333
5.104666666666667
3.022666666666667
5.018666666666666
5.833333333333333
6.514
6.430666666666666
3.5893333333333333
5.646
6.058
3.4686666666666666
4.950666666666667
6.405333333333333
5.322666666666667
5.714
7.1
1.996
2.094
1.4453333333333334
1.1426666666666667
2.1566666666666667
1.5193333333333334
2.004
2.6246666666666667
1.824
0.9293333333333333
2.906
2.0533333333333332
3.986
2.252666666666667
0.928
0.5933333333333334
1.1046666666666667
2.0433333333333334
2.3066666666666666
0.9446666666666667
0.768
1.364
0.9593333333333334
1.4806666666666666
5.168666666666667
1.962
1.6333333333333333
2.3113333333333332
1.322
1.9666666666666666
2.924
4.542666666666666
5.916
3.9226666666666667
2.414
3.458666666666667
6.001333333333333
3.466666666666667
3.002666666666667
3.3273333333333333
2.4093333333333335
2.0713333333333335
6.16
5.842
5.161333333333333
3.518666666666667
6.342666666666666
4.438666666666666
2.2946666666666666
8.048
5.689333333333333
4.188666666666666
5.010666666666666
3.699333333333333
4.607333333333333
4.12
2.118
6.172666666666666
3.7186666666666666
5.307333333333333
4.6193333333333335
7.183333333333334
5.324
5.833333333333333
5.018666666666666
5.341333333333333
7.831333333333333
5.859333333333334
4.036
4.458666666666667
5.884666666666667
8.146666666666667
3.5533333333333332
5.658
5.245333333333333
4.344
4.324
5.524
6.694
8.266
5.772666666666667
7.600666666666666
8.568
5.310666666666667
5.328666666666667
6.294
8.252
4.824
5.028
3.274
5.140666666666666
6.9013333333333335
6.463333333333333
6.803333333333334
8.424
5.526
8.213333333333333
5.031333333333333
7.864
4.675333333333334
7.207333333333334
4.94
5.140666666666666
11.354
6.765333333333333
6.838666666666667
8.81
5.112
6.428
3.9233333333333333
5.6866666666666665
5.102666666666667
7.092666666666666
9.131333333333334
6.4093333333333335
6.541333333333333
6.782666666666667
7.707333333333334
5.18
8.160666666666666
9.802666666666667
6.892
6.190666666666667
9.508
7.314
9.351333333333333
11.174666666666667
5.493333333333333
8.494666666666667
7.636
6.779333333333334
4.482666666666667
10.629333333333333
7.48
6.266
7.8966666666666665
7.794666666666667
8.602666666666666
6.545333333333334
6.213333333333333
6.16
6.5
8.996666666666666
7.954666666666666
5.998
7.022
12.108666666666666
3.236666666666667
8.427333333333333
9.280666666666667
2.9166666666666665
1.2393333333333334
1.3066666666666666
2.5553333333333335
0.8626666666666667
1.9506666666666668
2.5446666666666666
1.1153333333333333
3.9133333333333336
1.1473333333333333
0.7
1.7173333333333334
2.362
0.9733333333333334
1.9873333333333334
0.984
1.9433333333333334
1.4486666666666668
1.602
1.3666666666666667
2.534666666666667
1.0786666666666667
5.776666666666666
1.6946666666666668
2.312
1.342
1.8933333333333333
2.01
4.344666666666667
1.328
5.062
2.958
6.29
3.0973333333333333
4.156
3.716
3.256666666666667
7.014666666666667
8.876666666666667
5.492666666666667
9.562
3.280666666666667
6.136666666666667
5.032666666666667
8.083333333333334
6.700666666666667
3.544
5.124
4.067333333333333
5.284666666666666
6.715333333333334
8.393333333333333
5.894666666666667
7.205333333333333
3.8473333333333333
6.480666666666667
3.486
4.061333333333334
3.8953333333333333
6.6866666666666665
2.562666666666667
6.824
4.844666666666667
9.814
9.521333333333333
6.250666666666667
9.537333333333333
6.191333333333334
6.683333333333334
7.212
5.042
3.9886666666666666
8.063333333333333
8.466
8.093333333333334
5.728666666666666
6.322666666666667
6.616666666666666
5.729333333333333
5.246666666666667
9.142666666666667
7.887333333333333
7.886
6.396
5.310666666666667
6.607333333333333
7.196
8.826
5.084666666666666
8.185333333333332
8.363333333333333
6.3966666666666665
10.496
9.725333333333333
8.403333333333334
7.894666666666667
10.786666666666667
11.411333333333333
6.648
11.472666666666667
4.848
7.628666666666667
6.998666666666667
9.158
5.3646666666666665
11.2
6.104
7.309333333333333
8.148666666666667
12.437333333333333
9.580666666666668
9.854
7.7973333333333334
8.102
8.186666666666667
10.756
10.492
12.132666666666667
10.646
11.503333333333334
6.634666666666667
9.028666666666666
13.072666666666667
9.541333333333334
10.783333333333333
9.326
7.914666666666666
11.532666666666668
5.949333333333334
6.188
14.366666666666667
6.982666666666667
8.552666666666667
10.389333333333333
10.362666666666666
9.783333333333333
14.058666666666667
8.86
9.428
11.546
8.243333333333334
10.763333333333334
5.494666666666666
8.560666666666666
9.58
14.304
8.847333333333333
11.346
9.400666666666666
3.1566666666666667
0.014666666666666666
0.974
0.06333333333333334
0.196
0.0
0.032
0.018666666666666668
0.672
0.6066666666666667
0.006666666666666667
0.04
0.174
0.36133333333333334
0.104
0.09266666666666666
0.0013333333333333333
0.019333333333333334
0.05533333333333333
0.03133333333333333
0.011333333333333334
0.26066666666666666
1.122
0.04666666666666667
0.04
0.0013333333333333333
0.042666666666666665
0.006
0.048666666666666664
0.038
0.05266666666666667
1.1106666666666667
0.49533333333333335
1.2286666666666666
1.18
0.7086666666666667
0.35333333333333333
0.8833333333333333
0.14733333333333334
0.4053333333333333
0.09
0.904
0.096
0.936
0.13666666666666666
0.10933333333333334
0.16733333333333333
0.013333333333333334
0.7373333333333333
0.7833333333333333
0.21066666666666667
0.134
0.07666666666666666
0.406
0.062
1.1733333333333333
0.6206666666666667
1.1766666666666667
0.394
0.18066666666666667
0.132
1.0566666666666666
0.07933333333333334
0.6953333333333334
0.11866666666666667
0.38666666666666666
0.9446666666666667
1.534
0.32066666666666666
0.31
0.20533333333333334
1.0426666666666666
0.3233333333333333
0.256
1.4326666666666668
1.454
0.5686666666666667
0.11
1.1426666666666667
0.43133333333333335
0.364
0.11866666666666667
0.06
0.5266666666666666
0.6073333333333333
0.6093333333333333
1.5133333333333334
0.10266666666666667
0.91
1.0453333333333332
1.514
0.15266666666666667
0.4266666666666667
0.05
1.322
1.0633333333333332
0.49466666666666664
0.174
1.5073333333333334
0.7026666666666667
1.6393333333333333
0.05266666666666667
0.356
0.08
0.30666666666666664
0.218
0.9593333333333334
0.5266666666666666
0.06866666666666667
0.9433333333333334
0.8853333333333333
1.0433333333333332
1.356
0.23
0.18533333333333332
0.08666666666666667
0.7986666666666666
0.8066666666666666
0.624
0.10333333333333333
0.214
0.6973333333333334
0.228
1.4313333333333333
0.132
1.0986666666666667
0.33
1.6946666666666668
1.216
1.45
1.4546666666666668
0.8466666666666667
0.07866666666666666
0.6193333333333333
0.118
0.566
0.96
1.0506666666666666
0.28933333333333333
1.0553333333333332
1.2613333333333334
0.22533333333333333
0.11466666666666667
0.9246666666666666
1.088
2.0733333333333333
1.668
0.208
0.9566666666666667
1.4786666666666666
0.582
0.10133333333333333
0.27066666666666667
1.0873333333333333
0.6866666666666666
0.24533333333333332
0.088
0.8246666666666667
0.182
0.8086666666666666
0.54
0.9053333333333333
0.7013333333333334
1.076
0.6073333333333333
0.08
1.318
0.06933333333333333
0.132
0.07
0.102
0.39666666666666667
0.9613333333333334
0.21266666666666667
0.19533333333333333
0.206
0.44733333333333336
0.06866666666666667
0.214
0.22933333333333333
0.059333333333333335
1.0993333333333333
0.8353333333333334
1.238
0.5573333333333333
1.4573333333333334
0.486
0.9813333333333333
0.30333333333333334
0.6753333333333333
0.9106666666666666
1.1366666666666667
0.3406666666666667
1.7133333333333334
2.2993333333333332
2.4673333333333334
1.1826666666666668
0.4246666666666667
0.13066666666666665
0.816
1.1386666666666667
0.688
0.15533333333333332
2.758
2.254
0.162
0.714
0.30333333333333334
4.128
1.1826666666666668
1.0006666666666666
1.768
2.026666666666667
0.7946666666666666
1.222
1.906
1.1706666666666667
0.5613333333333334
0.48533333333333334
1.1313333333333333
2.0406666666666666
2.0526666666666666
0.9233333333333333
1.9273333333333333
3.046666666666667
1.3773333333333333
0.9986666666666667
0.7346666666666667
0.7693333333333333
1.7293333333333334
1.2386666666666666
3.1693333333333333
1.3146666666666667
1.774
0.7806666666666666
1.4166666666666667
2.3506666666666667
0.7013333333333334
0.9366666666666666
2.5713333333333335
1.28
1.2633333333333334
1.9646666666666666
1.626
0.7473333333333333
2.698
2.2906666666666666
1.4933333333333334
0.8766666666666667
1.986
1.378
3.306
2.6666666666666665
1.8386666666666667
1.0013333333333334
0.7833333333333333
2.308666666666667
1.024
0.6053333333333333
0.5166666666666667
1.3086666666666666
2.457333333333333
2.688
0.6053333333333333
0.42733333333333334
2.1166666666666667
1.3693333333333333
1.2713333333333334
1.1853333333333333
1.8753333333333333
0.7673333333333333
1.0466666666666666
1.4286666666666668
3.0593333333333335
2.2986666666666666
4.230666666666667
2.194
1.1253333333333333
0.7673333333333333
1.4533333333333334
1.424
2.3706666666666667
2.9753333333333334
0.7266666666666667
1.782
1.5926666666666667
2.796666666666667
2.57
2.0813333333333333
0.9946666666666667
1.236
1.9213333333333333
2.292666666666667
1.502
1.258
2.326
3.513333333333333
1.468
1.468
2.8853333333333335
1.386
0.16666666666666666
0.364
0.7946666666666666
0.8453333333333334
0.128
0.39866666666666667
0.424
0.478
1.786
0.36
0.13466666666666666
0.4726666666666667
0.32866666666666666
0.3413333333333333
1.0
1.7626666666666666
0.8613333333333333
0.7533333333333333
0.30933333333333335
0.624
0.9386666666666666
0.24333333333333335
1.0353333333333334
0.4866666666666667
0.30333333333333334
0.14733333333333334
0.416
0.32133333333333336
0.178
0.634
2.092
1.872
1.196
1.5133333333333334
1.4033333333333333
0.9693333333333334
1.2253333333333334
0.28
2.078
0.7533333333333333
2.760666666666667
0.8686666666666667
1.518
1.3693333333333333
1.1573333333333333
0.7333333333333333
0.508
0.48933333333333334
0.9573333333333334
0.9373333333333334
4.936
0.672
0.41533333333333333
1.034
2.432
4.202
1.7446666666666666
0.596
0.748
0.548
0.5773333333333334
1.312
1.35
1.0206666666666666
2.1973333333333334
2.3806666666666665
3.7786666666666666
0.7853333333333333
2.402
0.5226666666666666
0.6126666666666667
2.9593333333333334
3.2013333333333334
1.0926666666666667
1.6466666666666667
2.534666666666667
2.2146666666666666
2.98
0.374
3.262
1.3726666666666667
2.4026666666666667
2.5873333333333335
1.1486666666666667
0.7886666666666666
1.6706666666666667
4.6546666666666665
1.6433333333333333
2.058666666666667
0.9626666666666667
2.41
2.1693333333333333
1.0593333333333332
0.8513333333333334
2.739333333333333
2.751333333333333
1.7946666666666666
2.2826666666666666
4.768666666666666
2.4713333333333334
2.414
2.013333333333333
3.3726666666666665
2.496
4.697333333333333
2.513333333333333
2.8486666666666665
1.1313333333333333
3.3913333333333333
2.1393333333333335
1.06
1.9373333333333334
1.8386666666666667
1.6186666666666667
3.416
1.69
0.8133333333333334
2.2653333333333334
1.4706666666666666
2.7013333333333334
3.4446666666666665
2.5866666666666664
1.684
2.5246666666666666
4.026666666666666
1.9066666666666667
2.296
1.8333333333333333
1.2873333333333334
1.352
3.792
3.922
3.264666666666667
1.784
4.126666666666667
4.656
5.017333333333333
2.454
1.338
1.4406666666666668
3.338
1.7966666666666666
6.050666666666666
7.101333333333334
2.286
2.472
3.3966666666666665
3.473333333333333
3.732666666666667
2.9153333333333333
1.824
0.5566666666666666
0.486
1.1666666666666667
1.0393333333333334
0.3253333333333333
0.544
0.5126666666666667
0.31866666666666665
0.534
0.20866666666666667
0.35
0.43666666666666665
0.3293333333333333
0.592
2.226
0.6506666666666666
1.4926666666666666
0.6266666666666667
0.622
0.376
0.37933333333333336
0.35533333333333333
0.232
1.1326666666666667
0.28733333333333333
1.1026666666666667
0.424
1.0206666666666666
0.8573333333333333
1.9006666666666667
0.5526666666666666
0.5006666666666667
4.56
2.506666666666667
1.0506666666666666
3.102
3.1133333333333333
1.116
1.304
2.687333333333333
4.285333333333333
1.514
0.9873333333333333
0.6253333333333333
3.35
0.7033333333333334
0.9
4.286666666666667
2.0366666666666666
0.794
1.116
1.4106666666666667
1.2526666666666666
2.8526666666666665
1.4006666666666667
2.428
1.746
3.985333333333333
0.346
2.0453333333333332
1.936
1.3646666666666667
3.1966666666666668
2.5126666666666666
2.654
8.695333333333334
4.711333333333333
3.461333333333333
5.8773333333333335
1.3446666666666667
2.3713333333333333
3.8146666666666667
1.1266666666666667
5.059333333333333
2.985333333333333
3.2506666666666666
2.406
3.9766666666666666
3.16
1.8446666666666667
0.752
5.186
2.8993333333333333
3.9686666666666666
2.984
1.0633333333333332
1.5393333333333334
1.3306666666666667
3.236666666666667
4.1113333333333335
2.7733333333333334
4.106
3.2226666666666666
2.048
6.140666666666666
1.8873333333333333
5.932666666666667
2.8113333333333332
6.506666666666667
3.0733333333333333
2.018666666666667
4.441333333333334
1.0066666666666666
3.1293333333333333
2.8713333333333333
2.5886666666666667
3.6546666666666665
5.145333333333333
5.154
5.018666666666666
1.0846666666666667
3.402
2.284666666666667
5.471333333333333
3.092
2.1813333333333333
4.632666666666666
2.506666666666667
1.188
3.2666666666666666
1.6913333333333334
2.1126666666666667
3.628
4.562666666666667
6.092666666666666
3.9053333333333335
3.47
3.9913333333333334
2.3406666666666665
2.068
6.094666666666667
3.937333333333333
1.8253333333333333
7.244
2.024
1.5853333333333333
2.473333333333333
4.883333333333334
2.492
3.8986666666666667
2.2013333333333334
2.5286666666666666
6.242
3.283333333333333
1.4806666666666666
3.5453333333333332
7.368666666666667
2.2666666666666666
2.482
1.3146666666666667
0.556
1.8393333333333333
1.1553333333333333
0.9846666666666667
0.6986666666666667
0.326
0.39066666666666666
0.298
0.49133333333333334
0.612
0.5566666666666666
0.692
0.4186666666666667
2.8966666666666665
2.0753333333333335
0.414
0.23666666666666666
1.4806666666666666
3.574
1.7473333333333334
0.24266666666666667
0.24133333333333334
1.4206666666666667
0.77
0.67
0.2866666666666667
2.8726666666666665
1.8493333333333333
0.666
0.6786666666666666
1.3326666666666667
1.9453333333333334
1.7333333333333334
1.2
2.8233333333333333
2.570666666666667
2.9106666666666667
2.949333333333333
3.65
6.126666666666667
1.066
3.02
1.4853333333333334
2.99
1.374
0.7393333333333333
2.1766666666666667
1.3406666666666667
2.300666666666667
5.360666666666667
1.8486666666666667
2.1766666666666667
3.038666666666667
5.721333333333333
2.4433333333333334
0.972
0.84
2.022
1.7706666666666666
1.0133333333333334
1.39
4.842666666666666
1.8146666666666667
1.5713333333333332
6.38
5.6113333333333335
3.542
4.171333333333333
2.006666666666667
1.132
1.4006666666666667
1.8113333333333332
9.106666666666667
2.2
1.8053333333333332
0.8366666666666667
3.954
1.6933333333333334
3.477333333333333
2.6286666666666667
1.7526666666666666
2.1273333333333335
4.051333333333333
1.454
4.576666666666667
1.6306666666666667
4.312666666666667
4.006666666666667
5.916
2.759333333333333
6.349333333333333
4.8213333333333335
5.612
5.043333333333333
1.786
3.1013333333333333
4.3213333333333335
5.43
3.1573333333333333
5.706666666666667
8.377333333333333
8.891333333333334
1.8946666666666667
3.9186666666666667
6.162
2.432
9.018666666666666
3.5193333333333334
3.542
3.146
5.454
3.186
5.238
5.275333333333333
3.152
1.866
2.529333333333333
6.288
1.95
6.309333333333333
7.544666666666667
4.495333333333333
1.4566666666666668
4.575333333333333
7.518
2.254
2.203333333333333
11.099333333333334
8.64
6.304
4.179333333333333
2.1086666666666667
8.455333333333334
6.51
3.99
2.0046666666666666
8.686666666666667
5.462666666666666
9.104666666666667
8.270666666666667
4.494
4.485333333333333
6.4093333333333335
5.058
2.5953333333333335
4.1546666666666665
7.903333333333333
2.6806666666666668
6.91
