0.976
1.9066666666666667
0.08333333333333333
0.974
0.208
1.07
1.5366666666666666
0.0
0.34933333333333333
0.8946666666666667
0.9213333333333333
0.414
0.0
0.7706666666666667
0.958
0.926
1.6306666666666667
0.8286666666666667
1.0
0.5373333333333333
0.8393333333333334
0.964
0.30933333333333335
1.7806666666666666
0.8793333333333333
0.020666666666666667
0.6166666666666667
1.5706666666666667
1.2706666666666666
0.5133333333333333
2.287333333333333
2.18
1.526
1.9893333333333334
2.8366666666666664
2.07
2.259333333333333
1.9646666666666666
2.114
1.9506666666666668
1.8426666666666667
1.0
1.5133333333333334
2.6146666666666665
2.2386666666666666
1.6666666666666667
1.016
0.9093333333333333
2.918
1.2873333333333334
2.9006666666666665
1.0986666666666667
1.8966666666666667
1.6153333333333333
2.4753333333333334
1.7293333333333334
2.070666666666667
2.1133333333333333
1.0473333333333332
1.8433333333333333
2.973333333333333
1.968
2.0126666666666666
2.1666666666666665
0.9866666666666667
1.5806666666666667
1.9453333333333334
1.9973333333333334
2.6353333333333335
1.8726666666666667
2.7693333333333334
2.57
2.215333333333333
2.708
1.5586666666666666
2.7973333333333334
2.6633333333333336
0.3873333333333333
2.763333333333333
2.6526666666666667
1.87
2.2253333333333334
2.8013333333333335
1.6206666666666667
2.484
2.7
1.976
2.0673333333333335
1.936
2.3866666666666667
2.9686666666666666
2.260666666666667
3.0
0.7533333333333333
2.986
2.862
2.458
2.388
2.2653333333333334
2.51
2.42
2.485333333333333
2.3573333333333335
2.368
2.2413333333333334
2.1826666666666665
3.0
2.9506666666666668
1.954
2.9873333333333334
2.416
2.0353333333333334
2.8686666666666665
1.89
2.2546666666666666
1.9746666666666666
1.894
2.3133333333333335
2.8593333333333333
1.97
2.872
2.702
2.990666666666667
1.7693333333333334
1.6473333333333333
2.03
3.0
2.037333333333333
1.9286666666666668
2.9233333333333333
2.167333333333333
2.3546666666666667
2.2786666666666666
2.8346666666666667
2.2993333333333332
2.3146666666666667
0.7626666666666667
2.755333333333333
2.990666666666667
2.9046666666666665
2.9206666666666665
2.0
2.9606666666666666
2.3213333333333335
2.1733333333333333
2.3813333333333335
2.037333333333333
2.018666666666667
2.3746666666666667
2.962
0.9253333333333333
3.204
0.992
1.67
1.8906666666666667
1.8626666666666667
2.6286666666666667
1.466
1.5453333333333332
1.778
1.088
1.6906666666666668
1.5446666666666666
1.7613333333333334
3.0366666666666666
1.4326666666666668
0.956
1.5513333333333332
1.7813333333333334
1.7226666666666666
1.6886666666666668
2.6493333333333333
1.6093333333333333
1.4586666666666666
1.1533333333333333
2.6226666666666665
0.8633333333333333
1.872
2.2946666666666666
2.0
3.2
4.208
3.6933333333333334
2.4753333333333334
2.962
4.005333333333334
1.966
3.4753333333333334
5.224666666666667
3.6553333333333335
5.649333333333334
4.782666666666667
3.9486666666666665
3.04
4.9126666666666665
4.356
4.731333333333334
4.88
5.735333333333333
5.134
5.512
5.5906666666666665
6.224
3.752
3.3606666666666665
3.264666666666667
4.62
4.040666666666667
5.238666666666667
4.6626666666666665
6.454666666666666
4.868666666666667
4.681333333333333
6.633333333333334
4.883333333333334
5.45
5.671333333333333
5.508666666666667
5.825333333333333
5.71
5.66
4.668
4.866
8.051333333333334
5.766666666666667
5.411333333333333
5.432666666666667
3.222
4.494666666666666
5.509333333333333
5.091333333333333
2.7493333333333334
4.6
5.328
6.582
3.990666666666667
5.133333333333334
6.946666666666666
4.463333333333333
5.096
6.342666666666666
6.23
6.424
5.958666666666667
4.731333333333334
5.445333333333333
6.886
5.789333333333333
5.227333333333333
5.942
6.117333333333334
6.546666666666667
5.154
4.967333333333333
6.035333333333333
5.387333333333333
6.88
5.872
5.950666666666667
5.672
5.874
6.982
7.626
6.046666666666667
7.316
6.141333333333334
5.516666666666667
6.648666666666666
5.408
6.138
7.748666666666667
5.534
6.0633333333333335
6.446
7.548666666666667
7.052
7.021333333333334
6.862
5.556666666666667
6.8773333333333335
4.289333333333333
6.304
6.214
6.105333333333333
5.049333333333333
3.788666666666667
6.463333333333333
5.831333333333333
6.763333333333334
6.778666666666667
5.378
8.228666666666667
5.714
8.038
6.610666666666667
5.671333333333333
8.141333333333334
6.184
5.183333333333334
5.886
2.562
3.6
2.7626666666666666
2.2993333333333332
2.5953333333333335
3.364
2.0
3.4753333333333334
3.0473333333333334
1.818
4.0906666666666665
5.18
2.6826666666666665
2.760666666666667
2.414
1.0
1.7526666666666666
2.731333333333333
1.7853333333333334
3.1266666666666665
1.9846666666666666
2.328
1.956
1.966
1.734
3.240666666666667
2.6426666666666665
3.820666666666667
2.464
1.9246666666666667
5.354666666666667
8.557333333333334
6.989333333333334
4.327333333333334
7.691333333333334
5.5906666666666665
6.13
6.231333333333334
4.711333333333333
5.447333333333333
5.307333333333333
3.537333333333333
4.866
7.1866666666666665
7.46
4.8566666666666665
7.134666666666667
7.379333333333333
5.779333333333334
3.6973333333333334
7.31
4.12
3.207333333333333
5.076
8.248666666666667
6.623333333333333
5.564
7.548
5.882
4.259333333333333
8.253333333333334
8.325333333333333
7.328
4.878
9.298
4.782666666666667
8.576666666666666
9.217333333333332
7.662
8.252666666666666
8.802666666666667
7.6466666666666665
8.25
7.366
7.8406666666666665
7.496666666666667
9.854
8.481333333333334
8.070666666666666
9.616666666666667
6.091333333333333
10.702666666666667
8.281333333333333
8.751333333333333
9.99
9.178
6.678
9.896
9.009333333333334
5.938
10.651333333333334
8.498
7.776
10.058
8.645333333333333
6.294666666666667
9.86
9.360666666666667
8.557333333333334
12.725333333333333
10.543333333333333
9.076
8.898
8.223333333333333
9.788666666666666
11.208
9.728
9.992
11.106666666666667
11.320666666666666
7.732666666666667
11.324
8.818666666666667
11.894
11.023333333333333
8.849333333333334
8.886666666666667
10.063333333333333
6.990666666666667
9.059333333333333
10.787333333333333
11.566
9.287333333333333
11.475333333333333
10.729333333333333
11.586666666666666
11.796
8.211333333333334
11.218666666666667
8.908666666666667
7.818
11.909333333333333
7.876
9.413333333333334
11.076
11.446666666666667
9.576666666666666
9.805333333333333
9.182
9.821333333333333
9.514
9.672666666666666
9.822666666666667
9.234
10.121333333333334
8.364
8.454
6.906666666666666
10.346
11.958666666666666
3.767333333333333
4.702
3.726
2.958
0.9986666666666667
3.962666666666667
2.73
4.976
3.9106666666666667
2.708666666666667
2.9266666666666667
3.9073333333333333
3.64
2.458666666666667
3.796666666666667
3.088
3.7466666666666666
2.968
3.6106666666666665
3.183333333333333
3.224666666666667
0.996
2.86
1.6106666666666667
3.59
1.784
5.012666666666667
3.9013333333333335
2.8713333333333333
4.679333333333333
8.649333333333333
6.854666666666667
5.344666666666667
7.734
10.624666666666666
10.534
8.653333333333334
5.609333333333334
8.536
4.906
6.742
6.9366666666666665
7.872
10.39
10.962666666666667
10.0
6.9046666666666665
7.3646666666666665
9.726
5.71
5.540666666666667
8.345333333333333
8.917333333333334
7.538666666666667
8.226666666666667
6.252666666666666
8.137333333333334
9.151333333333334
6.05
7.134
8.799333333333333
10.878
9.205333333333334
11.147333333333334
9.089333333333334
9.163333333333334
11.185333333333332
12.816666666666666
10.334666666666667
10.644
8.519333333333334
9.119333333333334
10.844
9.805333333333333
12.036
10.102
10.758666666666667
9.503333333333334
12.186
10.273333333333333
9.639333333333333
12.078
6.963333333333333
9.400666666666666
8.734
5.758666666666667
9.705333333333334
11.36
11.549333333333333
10.214
10.672
12.378
13.978
13.195333333333334
10.738
13.099333333333334
12.152666666666667
12.178
15.178666666666667
13.007333333333333
8.730666666666666
13.199333333333334
15.42
11.678666666666667
12.075333333333333
11.818666666666667
13.326666666666666
10.327333333333334
9.834666666666667
9.91
13.861333333333333
12.340666666666667
14.516666666666667
13.404
11.444
11.659333333333333
14.799333333333333
9.091333333333333
12.409333333333333
13.252
13.314
12.348
15.736
11.389333333333333
12.256
13.407333333333334
11.315333333333333
12.618666666666666
15.318666666666667
13.694
14.003333333333334
11.886666666666667
11.272
13.764
13.816666666666666
11.92
10.508666666666667
13.59
13.447333333333333
12.744666666666667
13.430666666666667
14.388
13.645333333333333
11.976666666666667
12.206
11.312666666666667
13.552
14.846
13.166666666666666
16.222
4.116666666666666
2.3293333333333335
2.0553333333333335
4.558666666666666
3.4046666666666665
4.487333333333333
4.458666666666667
2.8833333333333333
4.216666666666667
3.132
2.4153333333333333
4.1193333333333335
4.871333333333333
4.0713333333333335
3.4846666666666666
4.934
5.764
4.192
2.522666666666667
4.3053333333333335
3.102
4.6273333333333335
5.815333333333333
4.167333333333334
4.084
3.0046666666666666
4.3373333333333335
3.672
3.8866666666666667
3.227333333333333
7.871333333333333
6.759333333333333
7.752
8.969333333333333
7.3453333333333335
8.950666666666667
8.392
11.222666666666667
10.233333333333333
12.510666666666667
9.916666666666666
11.032666666666668
9.969333333333333
9.183333333333334
8.338
8.715333333333334
8.487333333333334
6.787333333333334
5.938666666666666
10.256666666666666
9.012666666666666
11.194666666666667
7.610666666666667
7.333333333333333
12.495333333333333
5.665333333333334
11.274666666666667
9.236666666666666
7.548
9.04
13.932666666666666
13.016666666666667
11.248666666666667
14.158
12.704
13.680666666666667
12.488
12.883333333333333
13.562666666666667
12.525333333333334
16.745333333333335
11.441333333333333
10.18
12.718
12.563333333333333
10.439333333333334
11.580666666666668
12.517333333333333
12.720666666666666
13.406
9.252666666666666
10.243333333333334
15.044
12.522
14.666
13.516
13.172666666666666
9.276666666666667
14.616666666666667
12.719333333333333
13.103333333333333
14.298
12.018666666666666
14.912666666666667
15.764
13.79
14.588666666666667
11.854666666666667
13.813333333333333
12.730666666666666
12.190666666666667
15.132666666666667
16.092666666666666
12.188
15.833333333333334
15.201333333333332
14.176
13.488666666666667
13.897333333333334
12.9
14.702666666666667
11.544666666666666
8.11
10.356666666666667
13.803333333333333
10.698666666666666
17.763333333333332
13.258666666666667
12.972
11.051333333333334
18.328666666666667
10.206666666666667
15.437333333333333
13.883333333333333
18.147333333333332
16.576666666666668
18.095333333333333
13.001333333333333
16.745333333333335
16.079333333333334
16.914
15.814666666666668
18.278
19.690666666666665
16.109333333333332
17.648
16.278666666666666
18.687333333333335
14.800666666666666
13.458666666666666
17.801333333333332
13.694666666666667
18.532
14.309333333333333
19.234666666666666
15.825333333333333
14.78
12.839333333333334
13.290666666666667
18.734
1.5513333333333332
0.974
0.952
0.42533333333333334
1.3766666666666667
2.3233333333333333
0.866
0.0
1.3013333333333332
1.7446666666666666
1.6246666666666667
0.44
0.8926666666666667
0.0
1.0006666666666666
0.9133333333333333
1.304
0.6626666666666666
0.7786666666666666
1.576
0.84
1.544
0.9273333333333333
0.035333333333333335
1.78
0.0
0.094
0.9973333333333333
2.6193333333333335
0.7213333333333334
1.944
2.5073333333333334
1.7913333333333334
1.39
2.086
1.916
1.9833333333333334
2.4133333333333336
2.219333333333333
1.8753333333333333
1.1886666666666668
1.3973333333333333
1.9313333333333333
2.408
1.298
2.104
2.005333333333333
2.08
1.5606666666666666
2.7006666666666668
1.8833333333333333
1.4253333333333333
0.9706666666666667
1.068
2.5393333333333334
0.99
0.9186666666666666
0.35733333333333334
1.072
0.7333333333333333
2.362
1.916
1.864
2.8873333333333333
2.6473333333333335
2.0813333333333333
2.3466666666666667
1.664
2.8973333333333335
1.8826666666666667
2.1093333333333333
2.6326666666666667
1.2253333333333334
1.89
2.068
2.0406666666666666
2.416
1.0753333333333333
2.3093333333333335
1.4526666666666668
1.8586666666666667
2.3653333333333335
2.7573333333333334
2.72
1.0
2.767333333333333
1.7486666666666666
1.598
1.826
2.7813333333333334
1.9726666666666666
2.0893333333333333
2.526666666666667
2.0866666666666664
1.5713333333333332
2.764
2.965333333333333
2.751333333333333
2.9226666666666667
2.936
1.31
2.7906666666666666
2.0286666666666666
2.952
1.6473333333333333
2.296666666666667
1.8646666666666667
1.42
2.816666666666667
2.734
1.9813333333333334
1.754
1.856
1.9706666666666666
2.516
2.856
1.8346666666666667
2.5913333333333335
1.9766666666666666
2.3066666666666666
2.7266666666666666
2.2666666666666666
2.6846666666666668
2.4713333333333334
2.058666666666667
1.4173333333333333
2.2666666666666666
2.4766666666666666
2.9406666666666665
1.6533333333333333
2.9846666666666666
1.7686666666666666
2.9273333333333333
1.928
2.8413333333333335
2.3786666666666667
2.276666666666667
2.470666666666667
1.62
1.8706666666666667
2.8613333333333335
2.287333333333333
1.988
1.6506666666666667
2.122
2.706
2.5406666666666666
2.707333333333333
2.1273333333333335
2.5433333333333334
2.695333333333333
2.3113333333333332
1.6273333333333333
0.9613333333333334
2.632
1.088
1.05
1.836
2.388
2.6973333333333334
0.3953333333333333
2.259333333333333
0.8313333333333334
2.4646666666666666
1.8526666666666667
2.1186666666666665
2.1206666666666667
2.1533333333333333
1.2773333333333334
3.2546666666666666
1.5553333333333332
2.8633333333333333
2.6773333333333333
1.7693333333333334
1.4013333333333333
1.4913333333333334
2.3606666666666665
2.286
1.176
2.4633333333333334
3.791333333333333
3.720666666666667
3.24
3.826
4.064666666666667
4.416666666666667
4.114
4.719333333333333
5.6513333333333335
2.796666666666667
3.5753333333333335
3.606
3.282
3.3313333333333333
5.691333333333334
4.398666666666666
3.222
3.9366666666666665
5.0713333333333335
3.7546666666666666
4.716666666666667
4.7973333333333334
4.182
4.35
3.9
3.464
3.5
3.6386666666666665
2.8973333333333335
2.1106666666666665
6.667333333333334
4.328666666666667
6.209333333333333
3.8386666666666667
4.158666666666667
4.8853333333333335
3.478
4.422
4.097333333333333
5.416
4.218666666666667
6.271333333333334
4.854
5.589333333333333
6.097333333333333
4.624
4.566666666666666
5.704
4.6593333333333335
5.242666666666667
5.390666666666666
3.8633333333333333
5.274
7.512
4.999333333333333
5.240666666666667
5.445333333333333
5.966
6.11
6.17
5.736
5.756666666666667
6.223333333333334
5.782666666666667
4.788666666666667
6.848
5.518666666666666
6.83
5.74
5.912
5.519333333333333
6.1546666666666665
6.527333333333333
6.362666666666667
4.136666666666667
5.29
4.808
4.763333333333334
4.918666666666667
6.332666666666666
4.704
4.536666666666667
5.730666666666667
6.48
6.007333333333333
6.932
6.801333333333333
5.333333333333333
7.086666666666667
7.476666666666667
4.649333333333334
6.724
5.304
5.978
6.157333333333334
6.462
7.554666666666667
4.72
6.600666666666666
7.147333333333333
6.610666666666667
6.900666666666667
6.126666666666667
5.556666666666667
5.0633333333333335
5.287333333333334
6.265333333333333
5.917333333333334
4.922666666666666
6.326666666666667
7.596
6.820666666666667
6.306
7.998666666666667
5.977333333333333
6.978666666666666
5.886666666666667
6.6146666666666665
5.476
6.324
2.868
3.5073333333333334
2.3173333333333335
3.308666666666667
2.082
2.8826666666666667
1.5346666666666666
3.226
1.55
1.4306666666666668
3.41
2.102
3.116
2.258
3.432
2.0
3.312666666666667
1.01
1.4793333333333334
3.3606666666666665
1.5126666666666666
4.162
2.9093333333333335
3.0
1.312
3.394
2.5446666666666666
2.6986666666666665
1.6946666666666668
2.612
6.213333333333333
6.5873333333333335
6.255333333333334
7.1146666666666665
5.160666666666667
5.517333333333333
4.729333333333333
4.838
6.325333333333333
7.616666666666666
4.986
6.419333333333333
6.2
6.375333333333334
5.742
5.668
7.914
4.408
6.887333333333333
5.199333333333334
6.48
6.144666666666667
7.498666666666667
7.370666666666667
7.260666666666666
6.14
5.926666666666667
6.63
4.368666666666667
5.667333333333334
8.218666666666667
7.695333333333333
10.254666666666667
6.152666666666667
6.463333333333333
9.016666666666667
8.108666666666666
7.466666666666667
5.38
8.380666666666666
7.925333333333334
7.222666666666667
8.409333333333333
5.832666666666666
7.907333333333334
7.720666666666666
7.890666666666666
8.438666666666666
7.269333333333333
4.676
6.945333333333333
7.434
7.976666666666667
6.634
8.771333333333333
8.244
5.3406666666666665
8.097333333333333
7.612666666666667
7.432666666666667
9.28
5.964666666666667
6.5473333333333334
8.903333333333334
9.400666666666666
9.710666666666667
7.598
7.288666666666667
9.275333333333334
8.58
7.285333333333333
9.284666666666666
9.148666666666667
7.123333333333333
8.721333333333334
7.736666666666666
9.724
10.754
7.890666666666666
7.531333333333333
7.984666666666667
8.528666666666666
9.944
9.013333333333334
6.21
8.774666666666667
9.132666666666667
8.582
8.34
6.102
9.617333333333333
8.215333333333334
9.497333333333334
9.149333333333333
9.748
8.597333333333333
6.962
9.931333333333333
8.923333333333334
9.684
6.037333333333334
8.797333333333333
7.514666666666667
10.214666666666666
10.490666666666666
8.482
7.989333333333334
8.971333333333334
9.261333333333333
10.322
8.418
8.62
7.5986666666666665
6.72
10.274666666666667
9.636666666666667
10.425333333333333
7.17
8.27
7.634
3.538666666666667
2.6426666666666665
4.156666666666666
3.442
3.4726666666666666
4.391333333333334
3.0886666666666667
4.222666666666667
3.314
2.1533333333333333
3.3093333333333335
1.4066666666666667
4.684
2.5246666666666666
3.5
3.3653333333333335
3.07
4.036
3.0086666666666666
3.628
3.533333333333333
3.684
4.051333333333333
4.098
4.275333333333333
4.113333333333333
2.874
4.722666666666667
5.041333333333333
4.790666666666667
8.877333333333333
8.458
9.418
7.432
5.142
7.494666666666666
5.513333333333334
5.162
7.003333333333333
8.006
8.558666666666667
7.726666666666667
6.898666666666666
6.408
8.574666666666667
7.456
4.069333333333334
7.589333333333333
5.244666666666666
10.591333333333333
7.73
8.011333333333333
6.968666666666667
4.949333333333334
7.4286666666666665
5.4013333333333335
6.038
8.972666666666667
9.661333333333333
6.178
10.282666666666668
10.176
8.872666666666667
9.157333333333334
9.974
10.072
10.28
9.69
8.346666666666666
9.923333333333334
9.466
9.186
10.716666666666667
8.282666666666668
10.182666666666666
9.402666666666667
9.327333333333334
9.894666666666666
11.550666666666666
8.471333333333334
8.118666666666666
6.296
8.229333333333333
9.619333333333334
9.504
9.289333333333333
12.844
8.559333333333333
10.034666666666666
10.068
10.907333333333334
12.212666666666667
11.904666666666667
11.83
9.752
12.539333333333333
9.969333333333333
13.356
9.657333333333334
10.465333333333334
9.272666666666666
10.23
14.020666666666667
11.939333333333334
10.551333333333334
8.072666666666667
11.646
10.721333333333334
9.059333333333333
9.985333333333333
10.638666666666667
10.374
11.854
10.708666666666666
12.018
8.96
9.512666666666666
11.612666666666666
12.439333333333334
10.162
12.642666666666667
13.031333333333333
12.024
10.215333333333334
13.644
10.586
11.594666666666667
13.188666666666666
11.918666666666667
12.238
12.83
9.611333333333333
11.292666666666667
10.514666666666667
11.370666666666667
15.242
12.120666666666667
11.906666666666666
13.879333333333333
12.441333333333333
10.275333333333334
12.452666666666667
11.770666666666667
9.299333333333333
12.577333333333334
9.796
13.022
11.29
11.228666666666667
12.648
2.275333333333333
3.57
4.216666666666667
3.818
3.675333333333333
4.729333333333333
5.061333333333334
3.3953333333333333
4.794
2.964
2.1613333333333333
3.7
1.974
2.2026666666666666
3.4013333333333335
3.8306666666666667
4.218
5.976
5.4286666666666665
4.490666666666667
2.6186666666666665
4.451333333333333
5.968
5.766
3.53
3.711333333333333
2.6393333333333335
4.464666666666667
2.8946666666666667
2.5
8.393333333333333
9.062666666666667
6.492
8.622666666666667
10.343333333333334
7.863333333333333
8.638
6.263333333333334
9.188666666666666
6.216666666666667
7.032666666666667
7.050666666666666
9.417333333333334
5.17
9.066666666666666
6.457333333333334
6.109333333333334
8.710666666666667
8.402
7.246
10.903333333333334
9.440666666666667
7.666
10.753333333333334
8.583333333333334
10.706666666666667
9.621333333333334
9.532666666666668
10.600666666666667
8.015333333333333
12.177333333333333
13.615333333333334
13.52
12.173333333333334
15.396666666666667
12.788
10.161333333333333
11.047333333333333
11.544666666666666
17.178
13.783333333333333
14.796
12.834666666666667
11.07
13.575333333333333
8.396
11.453333333333333
9.205333333333334
14.456
9.442666666666666
10.882
17.180666666666667
11.806
9.768666666666666
11.627333333333333
12.069333333333333
12.359333333333334
13.245333333333333
7.932
11.718
13.213333333333333
12.207333333333333
14.784
12.325333333333333
11.875333333333334
16.076666666666668
12.394666666666666
13.509333333333334
13.458
14.475333333333333
13.600666666666667
15.122666666666667
16.363333333333333
14.262666666666666
10.797333333333333
9.73
13.098666666666666
13.569333333333333
16.052666666666667
15.488666666666667
12.465333333333334
11.131333333333334
11.638666666666667
14.353333333333333
16.77
11.445333333333334
13.081333333333333
14.834666666666667
14.234
12.242
15.532
18.731333333333332
13.03
12.746
13.860666666666667
13.512666666666666
11.189333333333334
17.235333333333333
15.961333333333334
15.54
14.912666666666667
16.399333333333335
15.086
14.216
16.322
17.464
14.946666666666667
12.871333333333334
13.352666666666666
15.694666666666667
15.554666666666666
13.672666666666666
14.297333333333333
11.554
11.133333333333333
13.676
15.7
15.129333333333333
18.204
11.274666666666667
0.628
0.9653333333333334
0.15666666666666668
0.39866666666666667
0.7193333333333334
1.5553333333333332
0.584
0.8253333333333334
0.9806666666666667
0.71
1.5553333333333332
1.0
1.0573333333333332
1.538
0.09466666666666666
1.464
0.32866666666666666
1.6133333333333333
1.7353333333333334
1.0786666666666667
0.5246666666666666
0.7413333333333333
1.7146666666666666
0.67
0.342
1.3453333333333333
1.932
0.8386666666666667
0.876
1.0646666666666667
1.8526666666666667
1.7806666666666666
2.508
1.508
1.9193333333333333
1.8213333333333332
1.7866666666666666
2.068
1.4266666666666667
1.6266666666666667
1.974
1.7573333333333334
2.6633333333333336
1.324
1.186
2.3473333333333333
1.728
1.6653333333333333
2.0533333333333332
1.4446666666666668
1.3513333333333333
2.3353333333333333
1.1866666666666668
2.09
1.8453333333333333
1.3613333333333333
2.078
1.7453333333333334
2.6533333333333333
2.08
1.9693333333333334
1.93
1.7666666666666666
1.4786666666666666
1.388
2.2006666666666668
2.6813333333333333
2.0313333333333334
1.9246666666666667
1.872
1.5006666666666666
2.272
1.5473333333333332
2.3946666666666667
2.7293333333333334
2.2413333333333334
1.904
1.5786666666666667
2.8346666666666667
1.9426666666666668
2.9593333333333334
1.864
1.6346666666666667
1.986
1.9153333333333333
1.026
2.5473333333333334
2.183333333333333
1.75
2.4266666666666667
1.7306666666666666
2.3926666666666665
2.0806666666666667
2.4553333333333334
1.9326666666666668
2.4353333333333333
1.6066666666666667
2.986666666666667
1.5466666666666666
2.69
2.292
2.3446666666666665
2.896
2.8466666666666667
2.5393333333333334
1.94
2.3433333333333333
1.63
2.12
2.1406666666666667
2.98
2.0806666666666667
1.86
2.5753333333333335
1.5953333333333333
1.9966666666666666
2.782
2.3586666666666667
1.8013333333333332
2.57
1.4486666666666668
1.9053333333333333
2.4106666666666667
2.91
2.929333333333333
2.6706666666666665
2.2853333333333334
1.4986666666666666
2.4066666666666667
2.71
2.3466666666666667
2.396
1.9066666666666667
1.6493333333333333
1.6806666666666668
2.392
1.268
2.8646666666666665
2.570666666666667
2.574
1.8226666666666667
2.078666666666667
1.714
2.9506666666666668
2.1326666666666667
1.1593333333333333
2.282
2.786
2.352
2.220666666666667
1.2486666666666666
1.0946666666666667
2.878
2.078
1.8926666666666667
1.0086666666666666
2.31
1.7193333333333334
1.0
2.2186666666666666
2.388
1.8513333333333333
1.352
2.6626666666666665
1.7273333333333334
1.9366666666666668
2.8313333333333333
2.426
1.4813333333333334
2.562666666666667
2.946
1.7306666666666666
2.9553333333333334
2.678
2.028
1.9206666666666667
2.3626666666666667
2.3653333333333335
1.6646666666666667
2.2746666666666666
3.604
4.461333333333333
2.228
4.37
2.56
2.541333333333333
4.0633333333333335
5.166
4.128
3.6726666666666667
4.435333333333333
4.903333333333333
3.6513333333333335
5.009333333333333
4.786
3.1026666666666665
4.22
4.072666666666667
2.3486666666666665
4.106
3.014
3.572
5.073333333333333
3.232
3.1006666666666667
5.997333333333334
4.189333333333333
3.1053333333333333
2.9713333333333334
3.728
5.900666666666667
5.008666666666667
3.566666666666667
3.558666666666667
5.675333333333334
5.874
3.9486666666666665
4.354666666666667
6.260666666666666
5.115333333333333
6.1066666666666665
5.218
6.538
4.242666666666667
4.118666666666667
5.938666666666666
4.524
6.216
6.09
6.080666666666667
5.451333333333333
5.179333333333333
4.662
4.841333333333333
4.715333333333334
5.062666666666667
5.139333333333333
5.6
4.414666666666666
6.140666666666666
7.167333333333334
5.032
5.718666666666667
5.338
6.078
4.734666666666667
5.414666666666666
4.931333333333333
5.276666666666666
4.965333333333334
4.890666666666666
7.182666666666667
5.042666666666666
5.221333333333333
5.657333333333334
4.834666666666666
5.584666666666666
6.396
5.655333333333333
5.792
6.064666666666667
5.148666666666666
3.0573333333333332
4.775333333333333
5.1033333333333335
5.9366666666666665
4.947333333333333
6.504
5.304666666666667
4.6626666666666665
5.793333333333333
5.874
5.249333333333333
5.472
5.3646666666666665
4.689333333333333
5.418
5.422
5.471333333333333
6.228
6.443333333333333
7.101333333333334
4.476666666666667
5.512666666666667
5.231333333333334
6.957333333333334
6.846
7.182
5.661333333333333
5.675333333333334
4.93
5.668
5.691333333333334
7.067333333333333
6.464666666666667
5.806666666666667
5.634
6.077333333333334
6.513333333333334
6.726666666666667
2.862
1.808
1.8546666666666667
3.324666666666667
2.0753333333333335
2.2893333333333334
2.767333333333333
1.8086666666666666
2.4266666666666667
1.4586666666666666
2.7046666666666668
2.0526666666666666
3.0973333333333333
3.042
3.1186666666666665
1.8553333333333333
2.682
2.854
2.078666666666667
3.243333333333333
3.0513333333333335
4.263333333333334
2.1046666666666667
2.477333333333333
2.676
3.0353333333333334
2.9886666666666666
2.568
2.6906666666666665
2.7946666666666666
3.3606666666666665
4.212
4.438666666666666
3.9433333333333334
4.28
6.172
6.092
4.235333333333333
4.999333333333333
5.490666666666667
5.8453333333333335
2.743333333333333
5.812
8.653333333333334
7.537333333333334
5.664
4.892666666666667
4.960666666666667
6.3933333333333335
5.846666666666667
6.156666666666666
5.912
4.536
5.0713333333333335
8.657333333333334
5.894
7.536666666666667
5.371333333333333
5.898666666666666
5.786
7.990666666666667
7.384
6.629333333333333
8.111333333333333
6.958
8.084
6.6193333333333335
6.370666666666667
8.72
8.248
6.3966666666666665
6.876666666666667
7.078666666666667
8.273333333333333
8.22
7.169333333333333
5.311333333333334
7.704666666666666
6.717333333333333
7.916
6.919333333333333
5.706666666666667
8.484
6.082
7.346666666666667
6.101333333333334
5.552
6.991333333333333
8.646666666666667
6.844666666666667
8.492666666666667
8.610666666666667
7.4126666666666665
7.672
7.647333333333333
7.221333333333333
6.352
6.3853333333333335
7.632666666666666
9.088
9.119333333333334
7.315333333333333
8.33
8.996666666666666
7.533333333333333
6.734666666666667
7.5873333333333335
8.500666666666667
7.264
7.248666666666667
7.715333333333334
8.684
7.976666666666667
8.380666666666666
8.548
9.090666666666667
8.305333333333333
7.3613333333333335
8.553333333333333
10.460666666666667
9.416
7.811333333333334
9.472666666666667
8.415333333333333
10.614666666666666
9.461333333333334
9.733333333333333
8.140666666666666
9.490666666666666
7.344
9.574
8.549333333333333
7.999333333333333
8.716666666666667
7.53
7.582666666666666
7.975333333333333
8.269333333333334
9.635333333333334
10.886
8.746666666666666
8.246666666666666
9.181333333333333
7.833333333333333
8.234
7.826
7.046666666666667
7.487333333333333
7.15
8.588
2.738
3.304666666666667
4.192
2.292
3.941333333333333
3.0153333333333334
5.083333333333333
3.8233333333333333
4.044666666666667
3.106
3.9353333333333333
3.6893333333333334
1.8933333333333333
2.9086666666666665
3.0733333333333333
3.224666666666667
2.5193333333333334
4.712
3.3553333333333333
3.068
2.4126666666666665
3.356
1.944
2.8726666666666665
3.728
3.9013333333333335
2.5646666666666667
3.6233333333333335
2.422
3.394
7.246666666666667
5.713333333333333
7.964
7.1066666666666665
5.442
8.084666666666667
7.857333333333333
5.874
6.720666666666666
8.296
6.185333333333333
6.12
7.675333333333334
8.544666666666666
7.276666666666666
6.695333333333333
6.812
6.3373333333333335
7.656666666666666
7.365333333333333
7.299333333333333
9.378666666666666
6.492666666666667
7.416666666666667
7.6306666666666665
6.658666666666667
7.897333333333333
5.505333333333334
8.127333333333333
7.917333333333334
9.860666666666667
11.716666666666667
11.478666666666667
8.059333333333333
9.574
9.558666666666667
5.692
6.504
8.782666666666668
9.33
10.258666666666667
12.476666666666667
8.198
9.419333333333332
9.204
12.020666666666667
9.068
9.904
4.625333333333334
7.254666666666667
10.803333333333333
7.413333333333333
7.849333333333333
10.012666666666666
8.039333333333333
8.239333333333333
7.550666666666666
11.170666666666667
7.86
9.473333333333333
11.099333333333334
7.288
10.763333333333334
10.341333333333333
6.752666666666666
10.886666666666667
9.869333333333334
9.044666666666666
11.056666666666667
7.628666666666667
9.127333333333333
9.45
8.106
8.044
11.257333333333333
7.915333333333334
12.52
11.777333333333333
10.496
11.353333333333333
9.77
7.102
7.209333333333333
11.240666666666666
9.700666666666667
10.751333333333333
9.574666666666667
9.902666666666667
10.310666666666666
6.832666666666666
12.885333333333334
9.778
11.734666666666667
11.294
12.473333333333333
12.742666666666667
11.778
9.548666666666668
10.405333333333333
12.710666666666667
11.118666666666666
11.339333333333334
13.611333333333333
12.08
13.752
11.256
11.342666666666666
9.71
11.558666666666667
12.464666666666666
12.511333333333333
10.662
13.065333333333333
11.730666666666666
12.474666666666666
10.492
8.959333333333333
10.922
9.84
11.076666666666666
1.6253333333333333
3.232
3.025333333333333
3.9766666666666666
3.3986666666666667
2.872
3.0973333333333333
3.2173333333333334
3.6353333333333335
4.689333333333333
1.4446666666666668
3.247333333333333
3.276
3.978666666666667
3.45
4.262666666666667
4.066
3.4
2.2613333333333334
4.741333333333333
2.936
2.824666666666667
5.516
3.072
3.638
3.5393333333333334
3.9206666666666665
5.191333333333334
4.3566666666666665
3.742
8.162
8.579333333333333
7.792666666666666
6.526666666666666
7.931333333333333
7.449333333333334
8.169333333333332
7.179333333333333
8.813333333333333
7.58
8.886
5.882
6.289333333333333
11.352
7.234
7.566666666666666
8.001333333333333
9.966666666666667
6.965333333333334
6.339333333333333
5.912
7.545333333333334
4.692666666666667
9.568666666666667
7.287333333333334
6.083333333333333
10.745333333333333
7.472666666666667
11.255333333333333
12.766666666666667
10.819333333333333
11.836
9.979333333333333
9.82
8.359333333333334
10.235333333333333
10.787333333333333
12.514
12.957333333333333
10.652
10.542666666666667
12.763333333333334
11.639333333333333
10.234
9.096
9.71
10.171333333333333
8.51
7.934666666666667
12.19
7.44
9.683333333333334
8.716
12.83
10.386666666666667
9.62
10.098
8.307333333333334
7.615333333333333
9.147333333333334
11.622
11.395333333333333
9.520666666666667
14.028666666666666
13.953333333333333
10.575333333333333
12.013333333333334
11.243333333333334
13.937333333333333
12.06
10.572
11.951333333333332
11.344666666666667
11.207333333333333
11.169333333333332
10.755333333333333
12.877333333333333
15.717333333333332
12.796
14.072666666666667
11.637333333333334
12.644
15.029333333333334
14.804666666666666
12.982666666666667
13.908
14.758666666666667
9.448666666666666
11.008666666666667
12.410666666666666
14.076
10.194
13.000666666666667
14.696666666666667
13.422
13.728
15.242
12.426666666666666
13.923333333333334
14.834
13.23
14.208
13.984
12.164666666666667
13.284
13.536666666666667
16.144666666666666
10.823333333333334
12.241333333333333
15.02
14.812666666666667
12.644666666666666
12.283333333333333
9.794666666666666
11.294
14.022666666666666
11.74
11.5
15.092666666666666
15.728
0.32133333333333336
0.0
0.0
1.7446666666666666
1.4313333333333333
0.9726666666666667
0.9513333333333334
0.6153333333333333
0.5613333333333334
1.0606666666666666
0.9173333333333333
1.5893333333333333
1.428
1.8846666666666667
0.824
0.988
0.8666666666666667
1.0646666666666667
0.8593333333333333
1.1353333333333333
1.0853333333333333
1.8513333333333333
1.5426666666666666
0.882
1.87
0.0
1.0
1.076
0.02666666666666667
0.9826666666666667
2.188
1.824
1.9753333333333334
1.1913333333333334
1.5213333333333334
1.8933333333333333
0.582
2.0453333333333332
1.2266666666666666
1.2413333333333334
1.3326666666666667
2.042
1.7806666666666666
1.8613333333333333
1.2053333333333334
1.8926666666666667
2.070666666666667
1.3193333333333332
1.1013333333333333
2.0913333333333335
1.5793333333333333
1.706
2.0073333333333334
1.9506666666666668
1.6353333333333333
2.1226666666666665
1.7946666666666666
1.8546666666666667
1.096
1.628
1.9966666666666666
1.8306666666666667
1.972
1.7746666666666666
1.686
1.966
1.7073333333333334
2.15
2.466666666666667
1.7546666666666666
0.388
2.8653333333333335
2.1886666666666668
2.6986666666666665
2.518666666666667
1.0293333333333334
1.1573333333333333
2.6046666666666667
2.068
1.8746666666666667
2.1373333333333333
2.16
2.4246666666666665
2.554
2.184
1.8513333333333333
2.243333333333333
1.7313333333333334
1.5046666666666666
2.082
2.9713333333333334
2.974
2.505333333333333
1.84
2.718
2.509333333333333
2.1233333333333335
1.8313333333333333
2.558666666666667
2.694
2.5113333333333334
2.568
0.9353333333333333
1.8533333333333333
2.5906666666666665
2.214
1.7433333333333334
2.7213333333333334
1.4006666666666667
1.4513333333333334
1.5146666666666666
2.271333333333333
2.754
2.3966666666666665
2.1126666666666667
2.398
1.9053333333333333
1.6046666666666667
2.2993333333333332
2.6586666666666665
2.1646666666666667
2.208666666666667
2.5866666666666664
1.5606666666666666
2.3446666666666665
2.666
2.744666666666667
1.8106666666666666
1.3946666666666667
1.9353333333333333
2.2106666666666666
2.036
2.0353333333333334
2.548
2.348
2.989333333333333
2.312
2.8926666666666665
2.8266666666666667
2.2906666666666666
2.5126666666666666
2.0973333333333333
2.2026666666666666
2.606
2.1613333333333333
2.082666666666667
2.3146666666666667
1.7153333333333334
2.064
2.715333333333333
1.9813333333333334
1.8026666666666666
1.918
1.8906666666666667
2.3786666666666667
1.7953333333333332
2.1926666666666668
1.7693333333333334
1.3066666666666666
2.8933333333333335
1.2106666666666666
2.9326666666666665
2.6233333333333335
2.566666666666667
1.5993333333333333
1.7286666666666666
1.64
1.806
1.7386666666666666
1.1633333333333333
1.4486666666666668
2.0553333333333335
1.8886666666666667
1.2993333333333332
2.308
2.05
1.2873333333333334
2.9126666666666665
1.7626666666666666
1.6193333333333333
4.244
3.6566666666666667
3.7106666666666666
4.9
4.424666666666667
3.8786666666666667
4.3806666666666665
4.042666666666666
3.328666666666667
4.918666666666667
3.9406666666666665
4.084
3.1026666666666665
3.0046666666666666
3.782
4.465333333333334
4.6113333333333335
3.596
2.8893333333333335
4.899333333333334
4.520666666666667
3.5033333333333334
4.041333333333333
2.1266666666666665
4.820666666666667
2.6686666666666667
3.5126666666666666
5.172666666666666
1.4493333333333334
3.6546666666666665
4.141333333333334
4.653333333333333
3.7693333333333334
4.332666666666666
6.3646666666666665
4.27
4.199333333333334
4.310666666666667
3.5906666666666665
4.506
6.944
4.962666666666666
4.027333333333333
4.17
3.578
6.388
4.220666666666666
3.756666666666667
4.194
4.722
6.963333333333333
5.362
5.796666666666667
5.508
5.9446666666666665
4.6593333333333335
5.812666666666667
5.208
3.858
5.770666666666667
4.648
6.421333333333333
4.998
5.945333333333333
5.289333333333333
4.243333333333333
5.077333333333334
5.673333333333333
5.714666666666667
4.244666666666666
6.3406666666666665
4.168
3.6773333333333333
4.668
6.832666666666666
5.938
3.958
4.319333333333334
6.290666666666667
3.7266666666666666
6.009333333333333
5.057333333333333
5.726666666666667
5.828666666666667
4.318
5.690666666666667
5.068
4.8406666666666665
5.997333333333334
6.017333333333333
5.250666666666667
6.34
5.342666666666666
6.378666666666667
5.188666666666666
5.188
4.916
5.663333333333333
5.955333333333333
7.453333333333333
7.324
6.208
3.8273333333333333
6.5
6.092
6.468
4.826
5.6433333333333335
3.8073333333333332
6.225333333333333
6.014
5.221333333333333
5.496
6.148666666666666
6.478
5.137333333333333
6.076666666666667
5.86
7.008666666666667
4.81
3.7333333333333334
2.211333333333333
2.9473333333333334
3.2993333333333332
3.644
2.554666666666667
3.388
3.3906666666666667
2.3513333333333333
1.46
4.074666666666666
2.9013333333333335
2.199333333333333
2.728666666666667
2.626
3.114
1.8366666666666667
3.0573333333333332
3.6093333333333333
2.739333333333333
3.498666666666667
2.1053333333333333
2.3313333333333333
2.014
3.505333333333333
1.648
2.2813333333333334
2.36
2.9406666666666665
3.5273333333333334
5.309333333333333
5.508
5.0553333333333335
5.132
4.884666666666667
6.463333333333333
4.631333333333333
4.488666666666667
5.731333333333334
5.617333333333334
4.714666666666667
6.266
4.820666666666667
4.344666666666667
4.164666666666666
7.8486666666666665
4.601333333333334
4.9526666666666666
5.992
6.828
5.97
4.724666666666667
4.425333333333334
5.526
4.996
5.132
5.534
6.474666666666667
3.4273333333333333
5.650666666666667
6.738666666666667
5.935333333333333
4.719333333333333
6.548
7.1946666666666665
5.752
6.881333333333333
8.532666666666668
5.514
7.926
7.1546666666666665
6.959333333333333
5.946666666666666
7.027333333333333
5.8806666666666665
6.802
6.654
5.004
7.518666666666666
8.562
5.960666666666667
5.395333333333333
6.438
6.708666666666667
7.616
6.020666666666667
5.576666666666667
7.088666666666667
6.1433333333333335
6.744666666666666
7.81
7.975333333333333
6.515333333333333
7.872
7.3486666666666665
8.193333333333333
7.199333333333334
6.628
8.464666666666666
7.624666666666666
7.542
8.599333333333334
7.857333333333333
9.487333333333334
3.9386666666666668
7.969333333333333
5.381333333333333
8.898666666666667
8.936666666666667
6.982666666666667
7.389333333333333
9.480666666666666
9.407333333333334
5.82
8.521333333333333
10.165333333333333
10.138666666666667
8.726
6.262
6.798
10.113333333333333
7.77
9.166666666666666
8.512666666666666
8.691333333333333
8.936666666666667
7.9206666666666665
7.976666666666667
9.115333333333334
6.764666666666667
8.959333333333333
9.184666666666667
7.948
8.172
10.032
7.117333333333334
6.448
6.037333333333334
7.764
9.608666666666666
8.071333333333333
10.117333333333333
7.79
8.451333333333332
8.934
9.368
8.882
7.810666666666667
10.034666666666666
8.665333333333333
2.6806666666666668
3.4166666666666665
2.958666666666667
3.358
2.152
4.034
3.6033333333333335
3.3506666666666667
4.554666666666667
2.9446666666666665
2.9233333333333333
2.5126666666666666
4.042666666666666
4.318
3.187333333333333
2.466
2.997333333333333
3.536
3.842
3.0393333333333334
2.784666666666667
2.469333333333333
3.4466666666666668
4.439333333333333
3.334
1.4753333333333334
2.812
4.231333333333334
2.239333333333333
3.1133333333333333
7.3053333333333335
5.560666666666667
4.605333333333333
7.198666666666667
9.294666666666666
7.440666666666667
6.1
5.764666666666667
7.14
8.138666666666667
5.917333333333334
7.746666666666667
8.042666666666667
7.77
5.754666666666667
6.87
6.075333333333333
7.536666666666667
7.814666666666667
8.061333333333334
8.598
6.306666666666667
6.814666666666667
5.43
5.403333333333333
9.256666666666666
6.760666666666666
8.614
6.907333333333334
6.945333333333333
11.206666666666667
10.596666666666666
8.134666666666666
8.715333333333334
8.611333333333333
10.727333333333334
8.88
9.468
8.024666666666667
11.356
5.830666666666667
9.521333333333333
8.378666666666666
7.902
8.034
9.973333333333333
8.796666666666667
7.94
11.236
10.216
10.176666666666666
10.287333333333333
7.03
11.57
8.290666666666667
9.640666666666666
10.786666666666667
9.3
6.350666666666666
9.067333333333334
9.79
9.880666666666666
13.366666666666667
9.182
11.232666666666667
10.770666666666667
10.850666666666667
10.238
12.004666666666667
10.323333333333334
7.831333333333333
9.937333333333333
9.907333333333334
10.403333333333334
9.062
11.554
8.452666666666667
7.760666666666666
10.098666666666666
9.626
8.737333333333334
10.592
8.938666666666666
10.076
8.074666666666667
11.005333333333333
12.067333333333334
10.004666666666667
9.832666666666666
8.138666666666667
10.392666666666667
9.981333333333334
9.480666666666666
12.971333333333334
10.467333333333332
8.200666666666667
11.564
9.652
11.176
10.62
10.148666666666667
10.571333333333333
12.427333333333333
9.643333333333333
11.011333333333333
10.331333333333333
11.004
7.22
10.278666666666666
7.296666666666667
11.120666666666667
10.149333333333333
12.667333333333334
9.277333333333333
10.426
11.062
8.788
12.01
10.120666666666667
11.550666666666666
4.804666666666667
2.8526666666666665
3.2046666666666668
4.445333333333333
4.23
3.4526666666666666
1.8813333333333333
4.5986666666666665
3.07
1.8566666666666667
2.9246666666666665
5.77
4.108
4.376
4.201333333333333
4.8293333333333335
4.914666666666666
3.2906666666666666
2.482
1.686
4.3886666666666665
1.79
3.622
3.6493333333333333
2.6133333333333333
3.7333333333333334
1.444
3.7953333333333332
3.98
2.576
6.944
7.711333333333333
7.354666666666667
8.809333333333333
10.262666666666666
9.628666666666666
6.758666666666667
8.108
8.243333333333334
6.588
8.537333333333333
8.995333333333333
7.968666666666667
8.53
7.121333333333333
8.252
9.120666666666667
7.142
5.8133333333333335
7.692666666666667
5.538
8.005333333333333
8.207333333333333
9.158
9.528
7.378
5.476666666666667
7.946666666666666
9.847333333333333
8.408666666666667
6.68
8.575333333333333
9.984
10.678
9.564666666666668
11.8
11.620666666666667
12.405333333333333
7.671333333333333
11.267333333333333
11.214666666666666
10.198
9.617333333333333
8.302666666666667
11.482
10.162666666666667
11.166666666666666
7.480666666666667
12.130666666666666
8.500666666666667
10.466
11.114666666666666
9.806666666666667
11.468666666666667
12.708
12.741333333333333
11.47
12.003333333333334
6.206
9.829333333333333
12.044
11.134
14.994
12.899333333333333
13.648
14.154666666666667
9.992666666666667
12.984
11.954
11.226
11.975333333333333
12.833333333333334
12.097333333333333
10.983333333333333
11.044666666666666
11.846666666666666
13.278666666666666
11.904
9.337333333333333
12.462
12.827333333333334
11.995333333333333
12.22
14.647333333333334
9.815333333333333
8.351333333333333
14.565333333333333
9.644
9.193333333333333
12.553333333333333
12.028666666666666
11.105333333333334
10.106666666666667
11.037333333333333
10.198666666666666
12.689333333333334
12.67
15.015333333333333
7.8486666666666665
11.939333333333334
14.509333333333334
11.999333333333333
13.234666666666667
14.817333333333334
11.262
11.354
13.320666666666666
10.019333333333334
12.778
14.320666666666666
11.824
14.584
9.276
14.449333333333334
13.888666666666667
16.218666666666667
14.951333333333332
12.488
14.794
14.884666666666666
